99
1934
1 9
1 15
1 26
1 29
1 30
1 32
1 39
1 49
1 56
1 58
1 61
1 68
1 69
1 71
1 87
1 89
1 96
1 98
1 99
2 1
2 4
2 5
2 9
2 12
2 14
2 25
2 30
2 34
2 36
2 38
2 41
2 44
2 47
2 48
2 50
2 51
2 56
2 58
2 63
2 71
2 73
2 79
2 81
2 84
2 85
2 87
2 92
3 5
3 14
3 24
3 29
3 30
3 31
3 32
3 35
3 43
3 55
3 58
3 66
3 68
3 73
3 76
3 78
3 84
3 87
3 95
3 98
4 1
4 2
4 5
4 19
4 21
4 23
4 24
4 25
4 35
4 40
4 41
4 48
4 49
4 56
4 61
4 76
4 80
4 87
4 92
4 99
5 13
5 22
5 24
5 25
5 30
5 32
5 33
5 35
5 43
5 47
5 51
5 55
5 57
5 62
5 63
5 68
5 74
5 80
5 88
5 89
5 95
5 97
5 99
6 2
6 18
6 21
6 23
6 35
6 36
6 40
6 42
6 44
6 49
6 54
6 59
6 61
6 62
6 66
6 67
6 74
6 75
6 76
6 79
6 84
6 90
6 94
6 99
7 1
7 2
7 3
7 4
7 6
7 10
7 38
7 39
7 45
7 54
7 55
7 60
7 63
7 68
7 71
7 75
7 80
7 85
8 3
8 4
8 5
8 20
8 27
8 38
8 42
8 43
8 48
8 59
8 64
8 75
8 86
8 87
8 94
9 10
9 11
9 16
9 22
9 24
9 28
9 29
9 32
9 45
9 73
9 78
9 79
9 82
9 87
9 92
9 97
9 98
10 2
10 13
10 17
10 29
10 35
10 36
10 40
10 41
10 43
10 44
10 54
10 56
10 60
10 64
10 71
10 72
10 75
10 77
10 79
10 84
10 88
10 94
10 95
10 96
10 99
11 8
11 9
11 20
11 29
11 32
11 33
11 39
11 40
11 41
11 48
11 56
11 57
11 63
11 64
11 73
11 78
11 82
11 83
11 84
11 85
11 89
11 94
12 13
12 23
12 24
12 35
12 37
12 44
12 46
12 47
12 51
12 57
12 58
12 59
12 61
12 66
12 74
12 83
12 85
12 90
12 95
12 98
13 2
13 8
13 19
13 27
13 30
13 32
13 46
13 50
13 63
13 70
13 73
13 76
13 87
13 95
13 98
14 6
14 8
14 13
14 21
14 22
14 25
14 28
14 32
14 35
14 36
14 45
14 48
14 51
14 52
14 56
14 68
14 77
14 80
14 81
14 88
15 7
15 10
15 14
15 16
15 20
15 24
15 28
15 31
15 33
15 40
15 42
15 60
15 63
15 71
15 73
15 74
15 85
15 86
15 88
15 91
15 94
15 96
15 99
16 1
16 5
16 6
16 7
16 9
16 14
16 19
16 25
16 26
16 31
16 33
16 66
16 70
16 71
16 81
16 83
16 85
16 98
17 3
17 4
17 9
17 13
17 21
17 23
17 24
17 27
17 32
17 33
17 52
17 56
17 57
17 68
17 73
17 74
17 76
17 77
17 78
17 85
17 90
17 91
17 93
18 12
18 25
18 27
18 32
18 33
18 37
18 43
18 53
18 54
18 56
18 57
18 59
18 62
18 68
18 69
18 70
18 82
18 99
19 3
19 5
19 11
19 26
19 30
19 36
19 37
19 40
19 42
19 43
19 45
19 46
19 48
19 54
19 61
19 63
19 65
19 68
19 70
19 71
19 72
19 89
19 92
19 94
19 96
20 8
20 9
20 22
20 37
20 39
20 44
20 45
20 50
20 61
20 62
20 64
20 66
20 74
20 75
20 78
20 81
20 83
20 84
21 3
21 4
21 5
21 8
21 10
21 12
21 15
21 19
21 27
21 28
21 29
21 32
21 39
21 42
21 54
21 55
21 65
21 68
21 84
21 97
22 1
22 2
22 6
22 16
22 29
22 31
22 32
22 36
22 53
22 62
22 69
22 73
22 78
22 82
23 1
23 4
23 11
23 15
23 19
23 21
23 31
23 37
23 53
23 55
23 58
23 65
23 70
23 77
23 80
23 85
23 91
23 92
23 94
23 99
24 5
24 6
24 12
24 15
24 29
24 32
24 37
24 54
24 60
24 65
24 69
24 75
24 78
24 81
24 84
24 89
24 94
24 96
25 10
25 13
25 18
25 45
25 47
25 48
25 50
25 55
25 57
25 60
25 64
25 70
25 73
25 79
25 86
25 93
25 94
25 96
25 98
25 99
26 1
26 3
26 7
26 8
26 9
26 12
26 17
26 18
26 23
26 37
26 44
26 52
26 54
26 63
26 73
26 88
26 94
27 1
27 5
27 15
27 21
27 31
27 34
27 54
27 67
27 69
27 73
27 80
27 81
27 88
27 98
28 7
28 9
28 10
28 16
28 27
28 29
28 30
28 31
28 64
28 70
28 82
28 89
28 94
28 95
29 4
29 14
29 21
29 27
29 28
29 32
29 36
29 41
29 43
29 46
29 53
29 61
29 68
29 74
29 75
29 79
29 86
29 92
29 95
29 98
30 3
30 4
30 5
30 6
30 13
30 16
30 24
30 39
30 41
30 56
30 61
30 62
30 64
30 68
30 69
30 74
30 75
30 81
30 98
31 10
31 15
31 21
31 22
31 26
31 41
31 49
31 54
31 55
31 57
31 58
31 61
31 63
31 66
31 74
31 75
31 79
31 80
31 82
31 84
31 92
31 94
31 95
31 98
32 4
32 5
32 8
32 12
32 14
32 15
32 23
32 26
32 28
32 37
32 39
32 43
32 47
32 50
32 55
32 63
32 80
32 81
32 83
32 85
32 98
33 3
33 13
33 25
33 41
33 43
33 55
33 56
33 57
33 64
33 65
33 71
33 85
33 90
33 95
33 99
34 13
34 15
34 18
34 20
34 28
34 31
34 40
34 48
34 50
34 51
34 66
34 71
34 73
34 78
34 83
34 85
34 89
34 90
34 98
35 4
35 7
35 18
35 20
35 22
35 24
35 30
35 40
35 43
35 44
35 48
35 54
35 58
35 65
35 68
35 71
35 78
35 79
35 82
35 84
35 90
35 94
35 96
35 98
36 9
36 11
36 14
36 17
36 21
36 26
36 41
36 46
36 51
36 52
36 56
36 61
36 65
36 71
36 74
36 77
36 82
36 84
36 94
36 95
37 2
37 3
37 6
37 15
37 20
37 29
37 30
37 33
37 39
37 43
37 47
37 49
37 58
37 60
37 61
37 88
37 95
38 5
38 11
38 14
38 19
38 20
38 26
38 30
38 32
38 43
38 51
38 62
38 63
38 66
38 77
38 78
38 96
39 15
39 16
39 19
39 22
39 23
39 24
39 32
39 34
39 35
39 42
39 51
39 53
39 54
39 57
39 58
39 61
39 64
39 69
39 71
39 81
39 84
39 93
39 99
40 7
40 16
40 24
40 26
40 35
40 38
40 41
40 43
40 47
40 48
40 52
40 55
40 61
40 63
40 64
40 65
40 67
40 69
40 73
40 75
40 79
40 87
40 92
40 93
40 95
41 2
41 3
41 9
41 13
41 15
41 20
41 25
41 26
41 27
41 30
41 34
41 36
41 38
41 39
41 44
41 46
41 48
41 65
41 67
41 69
41 70
41 73
41 80
41 81
41 84
41 87
41 90
41 97
42 1
42 5
42 6
42 21
42 25
42 28
42 31
42 36
42 41
42 46
42 47
42 51
42 52
42 53
42 61
42 63
42 68
42 74
42 77
42 78
42 81
42 82
43 5
43 9
43 10
43 23
43 26
43 28
43 31
43 34
43 41
43 45
43 46
43 60
43 62
43 66
43 68
43 83
43 86
43 93
43 94
43 97
43 98
44 3
44 9
44 16
44 19
44 28
44 33
44 42
44 43
44 53
44 59
44 60
44 67
44 71
44 76
44 82
44 87
44 98
44 99
45 4
45 7
45 9
45 10
45 19
45 22
45 27
45 36
45 39
45 40
45 51
45 52
45 57
45 64
45 65
45 82
45 84
45 89
45 90
45 92
45 95
46 13
46 16
46 26
46 28
46 30
46 35
46 40
46 41
46 42
46 44
46 49
46 53
46 63
46 64
46 67
46 76
46 82
46 90
46 91
46 92
46 93
47 7
47 8
47 12
47 21
47 34
47 39
47 51
47 57
47 67
47 80
47 83
47 90
47 98
48 1
48 4
48 11
48 12
48 14
48 17
48 25
48 35
48 42
48 43
48 46
48 54
48 58
48 67
48 82
48 90
48 92
48 94
48 98
49 4
49 8
49 11
49 21
49 26
49 34
49 38
49 44
49 45
49 47
49 48
49 54
49 68
49 70
49 76
49 79
49 82
49 83
49 91
49 93
50 15
50 16
50 18
50 25
50 31
50 32
50 45
50 47
50 52
50 57
50 67
50 69
50 71
50 74
50 77
50 81
51 2
51 11
51 16
51 17
51 19
51 20
51 40
51 43
51 55
51 60
51 63
51 64
51 69
51 87
51 90
51 94
51 97
52 2
52 15
52 18
52 20
52 26
52 28
52 31
52 41
52 44
52 53
52 54
52 56
52 57
52 59
52 65
52 67
52 75
52 81
52 86
52 87
53 2
53 10
53 19
53 24
53 28
53 31
53 33
53 39
53 41
53 43
53 47
53 49
53 50
53 57
53 58
53 63
53 66
53 74
53 76
53 96
53 97
54 1
54 3
54 4
54 6
54 20
54 21
54 22
54 34
54 40
54 41
54 46
54 51
54 58
54 63
54 76
54 80
54 81
54 82
54 90
55 1
55 3
55 5
55 11
55 12
55 19
55 26
55 41
55 44
55 46
55 52
55 56
55 57
55 65
55 67
55 87
55 91
55 92
56 5
56 17
56 18
56 23
56 24
56 32
56 35
56 37
56 38
56 41
56 43
56 62
56 67
56 76
56 86
56 96
57 8
57 12
57 16
57 24
57 27
57 34
57 37
57 38
57 39
57 41
57 47
57 48
57 63
57 65
57 67
57 69
57 72
57 84
57 86
57 87
57 96
58 10
58 14
58 22
58 29
58 36
58 46
58 47
58 62
58 73
58 80
58 88
58 89
58 93
59 3
59 4
59 15
59 33
59 42
59 50
59 53
59 57
59 60
59 71
59 74
59 76
59 79
59 82
59 84
59 92
59 97
60 3
60 10
60 21
60 25
60 32
60 33
60 38
60 46
60 51
60 64
60 66
60 69
60 73
60 76
60 79
60 89
60 90
60 96
60 97
61 4
61 6
61 9
61 14
61 15
61 27
61 28
61 29
61 30
61 33
61 37
61 44
61 47
61 63
61 72
61 79
61 87
61 99
62 1
62 7
62 9
62 12
62 19
62 25
62 33
62 35
62 46
62 51
62 67
62 71
62 72
62 74
62 75
62 77
62 79
62 88
62 90
62 93
62 94
62 95
63 4
63 5
63 11
63 16
63 17
63 19
63 22
63 23
63 28
63 44
63 45
63 46
63 52
63 60
63 64
63 69
63 78
63 82
63 91
63 96
63 97
64 2
64 13
64 15
64 16
64 19
64 25
64 27
64 33
64 38
64 42
64 45
64 46
64 47
64 54
64 55
64 63
64 69
64 70
64 75
64 78
64 83
64 86
64 93
65 2
65 3
65 11
65 18
65 19
65 20
65 24
65 32
65 34
65 41
65 48
65 51
65 56
65 58
65 62
65 63
65 64
65 82
65 83
65 85
65 88
65 89
65 94
65 99
66 2
66 11
66 29
66 32
66 36
66 46
66 51
66 54
66 61
66 68
66 80
66 94
66 96
66 98
67 1
67 8
67 9
67 11
67 12
67 14
67 18
67 22
67 24
67 26
67 29
67 32
67 34
67 47
67 54
67 55
67 57
67 72
67 76
67 88
67 90
68 2
68 10
68 11
68 15
68 24
68 26
68 38
68 62
68 70
68 74
68 87
68 88
69 1
69 2
69 3
69 4
69 5
69 11
69 13
69 20
69 22
69 24
69 25
69 27
69 37
69 38
69 45
69 53
69 54
69 55
69 58
69 64
69 65
69 68
69 71
69 86
69 91
69 96
70 2
70 9
70 19
70 20
70 23
70 24
70 39
70 41
70 44
70 45
70 50
70 68
70 74
70 75
70 76
70 78
71 1
71 2
71 6
71 8
71 10
71 14
71 15
71 17
71 24
71 39
71 43
71 46
71 48
71 50
71 55
71 61
71 69
71 70
71 74
71 83
71 94
71 95
72 3
72 7
72 8
72 45
72 64
72 68
72 75
72 78
72 80
72 83
72 85
72 91
72 92
73 11
73 13
73 15
73 16
73 32
73 33
73 36
73 38
73 44
73 48
73 51
73 56
73 57
73 58
73 63
73 64
73 65
73 69
73 70
73 71
73 80
73 81
73 90
73 98
74 5
74 18
74 19
74 27
74 31
74 33
74 38
74 40
74 41
74 45
74 50
74 59
74 62
74 82
74 83
74 87
74 90
74 93
75 3
75 10
75 24
75 26
75 30
75 34
75 41
75 42
75 52
75 53
75 61
75 63
75 71
75 80
75 85
75 92
76 1
76 3
76 7
76 9
76 16
76 20
76 25
76 30
76 35
76 41
76 45
76 57
76 60
76 71
76 77
76 79
76 80
76 82
76 87
76 89
76 92
76 96
76 99
77 2
77 4
77 6
77 21
77 29
77 38
77 40
77 41
77 48
77 52
77 58
77 73
77 80
77 84
77 88
77 95
78 4
78 14
78 16
78 34
78 41
78 48
78 52
78 53
78 58
78 59
78 63
78 68
78 70
78 72
78 89
78 92
78 94
79 5
79 6
79 25
79 34
79 36
79 43
79 45
79 57
79 58
79 62
79 68
79 69
79 75
79 76
79 78
79 85
79 98
80 3
80 4
80 5
80 6
80 17
80 18
80 19
80 20
80 21
80 28
80 31
80 33
80 40
80 57
80 65
80 71
80 73
80 88
80 90
80 91
80 94
80 99
81 5
81 8
81 13
81 14
81 15
81 16
81 19
81 25
81 28
81 37
81 41
81 44
81 56
81 62
81 64
81 67
81 68
81 71
81 73
81 78
81 84
81 91
81 97
82 3
82 7
82 18
82 19
82 21
82 30
82 32
82 35
82 38
82 42
82 45
82 51
82 57
82 67
82 69
82 70
82 71
82 85
82 87
82 90
82 91
83 3
83 6
83 8
83 12
83 23
83 26
83 27
83 29
83 30
83 33
83 38
83 42
83 51
83 53
83 54
83 71
83 72
83 73
83 77
83 81
83 88
83 89
83 92
84 1
84 4
84 6
84 9
84 20
84 21
84 36
84 37
84 40
84 43
84 50
84 52
84 55
84 58
84 59
84 60
84 62
84 63
84 65
84 70
85 3
85 6
85 10
85 23
85 24
85 39
85 57
85 63
85 70
85 71
85 77
85 81
86 6
86 7
86 8
86 11
86 12
86 16
86 19
86 23
86 26
86 52
86 55
86 57
86 59
86 61
86 87
86 91
86 96
86 98
86 99
87 5
87 6
87 9
87 11
87 12
87 18
87 25
87 28
87 33
87 42
87 47
87 56
87 57
87 69
87 73
87 76
87 81
87 84
87 88
87 89
87 96
87 97
88 1
88 2
88 6
88 7
88 18
88 33
88 34
88 38
88 39
88 44
88 47
88 51
88 57
88 61
88 64
88 71
88 73
88 83
88 86
88 92
88 95
88 96
88 99
89 1
89 5
89 9
89 14
89 17
89 24
89 26
89 33
89 34
89 42
89 44
89 52
89 54
89 61
89 70
89 87
89 92
90 2
90 4
90 6
90 10
90 11
90 15
90 23
90 24
90 26
90 30
90 31
90 46
90 47
90 54
90 59
90 65
90 70
90 71
90 72
90 87
90 94
91 6
91 7
91 20
91 29
91 41
91 44
91 48
91 49
91 50
91 61
91 70
91 78
91 81
91 93
91 96
92 1
92 2
92 15
92 18
92 20
92 22
92 26
92 28
92 29
92 34
92 40
92 43
92 44
92 46
92 50
92 52
92 58
92 62
92 64
92 74
92 79
92 82
92 90
92 97
92 98
93 1
93 4
93 6
93 12
93 13
93 17
93 23
93 34
93 35
93 36
93 38
93 39
93 48
93 50
93 61
93 65
93 70
93 71
93 82
93 84
93 87
93 89
94 3
94 7
94 11
94 17
94 23
94 28
94 33
94 36
94 46
94 56
94 61
94 69
94 71
94 73
94 75
94 78
94 80
94 97
95 5
95 8
95 14
95 16
95 21
95 23
95 24
95 36
95 38
95 41
95 42
95 44
95 45
95 46
95 51
95 56
95 57
95 58
95 59
95 61
95 63
95 68
95 73
95 75
95 78
95 93
95 94
96 4
96 10
96 18
96 20
96 30
96 54
96 57
96 63
96 65
96 75
96 79
96 83
97 7
97 10
97 13
97 14
97 24
97 26
97 34
97 35
97 40
97 46
97 47
97 59
97 63
97 71
97 73
97 80
97 93
97 95
98 2
98 8
98 10
98 13
98 15
98 18
98 21
98 23
98 24
98 26
98 29
98 34
98 40
98 43
98 56
98 60
98 61
98 75
98 78
98 79
98 82
98 87
98 89
98 97
99 5
99 18
99 21
99 41
99 44
99 52
99 56
99 60
99 63
99 68
99 72
99 75
99 78
99 82
99 84
99 98
