99
3800
1 2
1 8
1 9
1 12
1 13
1 16
1 20
1 26
1 27
1 29
1 32
1 35
1 36
1 38
1 41
1 43
1 45
1 47
1 50
1 54
1 57
1 60
1 62
1 64
1 65
1 68
1 69
1 71
1 72
1 74
1 76
1 77
1 79
1 80
1 87
1 90
1 93
1 97
2 1
2 3
2 4
2 7
2 16
2 17
2 18
2 19
2 20
2 21
2 24
2 27
2 29
2 34
2 35
2 39
2 42
2 43
2 46
2 47
2 51
2 52
2 54
2 55
2 57
2 61
2 64
2 68
2 70
2 71
2 75
2 79
2 80
2 83
2 84
2 85
2 86
2 88
2 89
2 90
2 91
2 95
2 98
3 1
3 2
3 10
3 15
3 20
3 22
3 31
3 34
3 36
3 39
3 40
3 41
3 42
3 44
3 46
3 50
3 54
3 55
3 57
3 58
3 59
3 65
3 67
3 70
3 74
3 75
3 76
3 78
3 84
3 91
3 93
3 98
4 3
4 6
4 7
4 10
4 14
4 15
4 20
4 21
4 23
4 25
4 27
4 29
4 32
4 34
4 38
4 39
4 40
4 41
4 43
4 44
4 48
4 51
4 53
4 54
4 56
4 57
4 59
4 60
4 66
4 67
4 70
4 71
4 73
4 74
4 75
4 76
4 78
4 79
4 82
4 87
4 91
4 95
4 96
4 97
4 99
5 1
5 2
5 3
5 27
5 28
5 29
5 33
5 35
5 37
5 39
5 40
5 44
5 46
5 52
5 56
5 58
5 62
5 63
5 64
5 65
5 66
5 67
5 71
5 72
5 75
5 80
5 81
5 82
5 84
5 86
5 87
5 90
5 92
5 93
5 97
5 98
6 9
6 11
6 13
6 15
6 16
6 17
6 18
6 21
6 24
6 26
6 27
6 28
6 29
6 30
6 36
6 41
6 45
6 48
6 49
6 50
6 52
6 53
6 55
6 56
6 58
6 64
6 69
6 70
6 74
6 76
6 78
6 82
6 87
6 94
6 97
6 98
7 3
7 10
7 12
7 17
7 24
7 29
7 30
7 31
7 32
7 35
7 38
7 42
7 44
7 48
7 50
7 53
7 55
7 57
7 61
7 63
7 64
7 66
7 68
7 69
7 71
7 72
7 74
7 75
7 88
7 90
7 92
7 93
7 96
7 97
7 98
7 99
8 1
8 3
8 4
8 6
8 13
8 15
8 16
8 21
8 23
8 32
8 34
8 35
8 37
8 38
8 41
8 42
8 45
8 47
8 48
8 51
8 56
8 58
8 65
8 67
8 68
8 71
8 73
8 76
8 78
8 79
8 81
8 88
8 91
8 92
8 93
8 95
8 98
8 99
9 5
9 10
9 16
9 17
9 19
9 20
9 21
9 23
9 25
9 26
9 27
9 29
9 30
9 35
9 36
9 38
9 43
9 44
9 47
9 50
9 53
9 59
9 61
9 62
9 65
9 72
9 77
9 78
9 81
9 85
9 86
9 89
9 90
9 91
9 92
9 93
9 95
10 3
10 4
10 12
10 13
10 15
10 17
10 19
10 20
10 24
10 26
10 27
10 35
10 37
10 40
10 50
10 53
10 56
10 60
10 63
10 71
10 72
10 73
10 74
10 78
10 80
10 81
10 85
10 86
10 87
10 90
10 94
10 95
10 97
10 99
11 2
11 3
11 4
11 7
11 8
11 9
11 13
11 14
11 16
11 17
11 22
11 25
11 28
11 29
11 32
11 33
11 39
11 43
11 44
11 46
11 48
11 50
11 53
11 58
11 59
11 61
11 65
11 66
11 67
11 68
11 70
11 71
11 76
11 79
11 81
11 83
11 87
11 89
11 90
11 91
11 94
11 95
11 98
11 99
12 1
12 4
12 9
12 10
12 11
12 14
12 16
12 18
12 24
12 27
12 28
12 30
12 31
12 32
12 33
12 34
12 35
12 36
12 40
12 41
12 42
12 44
12 45
12 47
12 48
12 53
12 54
12 55
12 59
12 60
12 65
12 66
12 68
12 70
12 71
12 72
12 75
12 76
12 77
12 78
12 79
12 80
12 81
12 85
12 86
12 88
12 89
12 91
12 93
12 95
12 96
13 1
13 4
13 5
13 9
13 10
13 15
13 17
13 28
13 29
13 30
13 31
13 33
13 36
13 38
13 39
13 40
13 41
13 42
13 47
13 48
13 51
13 56
13 57
13 59
13 60
13 63
13 68
13 71
13 75
13 78
13 79
13 80
13 84
13 86
13 87
13 94
13 98
14 1
14 2
14 3
14 6
14 8
14 9
14 11
14 18
14 24
14 26
14 27
14 28
14 31
14 32
14 33
14 34
14 36
14 38
14 42
14 49
14 50
14 53
14 56
14 57
14 58
14 59
14 60
14 61
14 65
14 68
14 69
14 71
14 72
14 73
14 75
14 78
14 80
14 82
14 84
14 85
14 87
14 88
14 89
14 97
15 1
15 2
15 4
15 5
15 6
15 7
15 10
15 13
15 14
15 16
15 17
15 18
15 20
15 24
15 28
15 30
15 32
15 35
15 36
15 39
15 41
15 43
15 44
15 49
15 50
15 52
15 56
15 58
15 60
15 61
15 62
15 67
15 72
15 74
15 78
15 82
15 84
15 86
15 88
15 95
15 96
15 98
16 1
16 2
16 4
16 9
16 12
16 13
16 14
16 18
16 19
16 20
16 21
16 22
16 23
16 25
16 26
16 27
16 28
16 30
16 31
16 32
16 33
16 40
16 44
16 45
16 47
16 51
16 52
16 56
16 57
16 58
16 59
16 61
16 64
16 65
16 66
16 72
16 73
16 76
16 79
16 80
16 81
16 83
16 84
16 87
16 89
16 90
16 91
17 1
17 4
17 5
17 7
17 8
17 18
17 20
17 21
17 25
17 26
17 27
17 28
17 30
17 43
17 45
17 46
17 49
17 50
17 52
17 53
17 57
17 58
17 62
17 64
17 67
17 71
17 75
17 77
17 81
17 84
17 85
17 88
17 90
17 92
17 95
18 1
18 4
18 9
18 16
18 19
18 20
18 22
18 24
18 25
18 26
18 29
18 32
18 33
18 37
18 38
18 40
18 42
18 43
18 50
18 51
18 52
18 54
18 58
18 61
18 64
18 71
18 74
18 76
18 77
18 78
18 79
18 81
18 82
18 83
18 84
18 88
18 89
18 93
18 96
19 1
19 3
19 6
19 9
19 14
19 15
19 22
19 25
19 32
19 40
19 43
19 52
19 55
19 56
19 58
19 62
19 64
19 66
19 67
19 69
19 72
19 73
19 74
19 75
19 76
19 80
19 81
19 82
19 83
19 84
19 89
19 90
19 91
19 93
19 96
20 1
20 4
20 6
20 9
20 14
20 19
20 21
20 24
20 25
20 30
20 31
20 32
20 33
20 37
20 40
20 46
20 48
20 53
20 55
20 57
20 58
20 65
20 67
20 70
20 72
20 73
20 76
20 82
20 86
20 88
20 90
20 97
21 2
21 7
21 8
21 14
21 15
21 17
21 18
21 22
21 23
21 26
21 27
21 28
21 29
21 34
21 35
21 39
21 40
21 41
21 44
21 47
21 48
21 49
21 51
21 55
21 57
21 61
21 62
21 64
21 65
21 66
21 68
21 69
21 70
21 74
21 75
21 76
21 77
21 81
21 85
21 88
21 89
21 93
21 95
21 98
22 2
22 3
22 5
22 6
22 7
22 8
22 11
22 14
22 17
22 18
22 19
22 23
22 25
22 29
22 31
22 36
22 38
22 39
22 50
22 54
22 55
22 56
22 61
22 63
22 64
22 69
22 70
22 71
22 73
22 74
22 76
22 77
22 79
22 82
22 86
22 89
22 90
22 92
22 94
22 95
22 96
22 97
23 3
23 4
23 6
23 11
23 12
23 13
23 14
23 16
23 20
23 21
23 24
23 26
23 27
23 30
23 31
23 32
23 33
23 35
23 36
23 43
23 49
23 50
23 51
23 52
23 56
23 57
23 62
23 65
23 67
23 69
23 70
23 73
23 76
23 77
23 78
23 80
23 89
23 90
23 93
23 94
23 95
24 3
24 9
24 13
24 17
24 18
24 20
24 22
24 23
24 26
24 28
24 31
24 32
24 33
24 34
24 37
24 38
24 44
24 45
24 46
24 47
24 48
24 56
24 58
24 59
24 60
24 65
24 66
24 68
24 69
24 79
24 80
24 83
24 85
24 87
24 88
24 89
24 91
24 94
24 97
25 1
25 5
25 6
25 8
25 9
25 10
25 14
25 15
25 19
25 20
25 23
25 29
25 32
25 34
25 35
25 36
25 39
25 40
25 44
25 45
25 47
25 48
25 50
25 53
25 55
25 59
25 60
25 62
25 63
25 64
25 66
25 67
25 70
25 71
25 72
25 73
25 75
25 76
25 77
25 81
25 82
25 83
25 84
25 87
25 90
25 94
25 96
25 98
26 1
26 3
26 6
26 21
26 24
26 27
26 30
26 32
26 34
26 37
26 38
26 41
26 45
26 46
26 47
26 48
26 55
26 57
26 61
26 62
26 63
26 64
26 66
26 68
26 70
26 76
26 77
26 79
26 85
26 86
26 88
26 89
26 98
26 99
27 2
27 4
27 8
27 11
27 12
27 15
27 16
27 18
27 19
27 26
27 32
27 34
27 42
27 45
27 48
27 50
27 53
27 54
27 56
27 58
27 61
27 62
27 69
27 70
27 71
27 72
27 75
27 79
27 80
27 88
27 90
27 94
27 95
27 96
27 99
28 2
28 8
28 13
28 18
28 21
28 22
28 25
28 27
28 29
28 31
28 33
28 34
28 37
28 38
28 39
28 40
28 41
28 42
28 44
28 47
28 49
28 56
28 57
28 58
28 60
28 62
28 63
28 64
28 65
28 71
28 73
28 74
28 79
28 80
28 82
28 84
28 85
28 86
28 87
28 90
28 93
28 99
29 12
29 13
29 17
29 24
29 34
29 37
29 38
29 44
29 46
29 54
29 57
29 61
29 62
29 63
29 64
29 67
29 68
29 69
29 72
29 73
29 74
29 75
29 77
29 79
29 82
29 87
29 88
29 89
29 97
30 5
30 7
30 8
30 9
30 10
30 11
30 12
30 16
30 17
30 18
30 20
30 21
30 22
30 24
30 28
30 29
30 34
30 38
30 40
30 42
30 44
30 47
30 51
30 52
30 53
30 54
30 60
30 65
30 69
30 70
30 89
30 90
30 91
30 92
30 93
30 94
30 95
31 2
31 3
31 6
31 7
31 8
31 16
31 17
31 19
31 23
31 26
31 27
31 28
31 29
31 32
31 33
31 34
31 36
31 45
31 46
31 48
31 50
31 51
31 52
31 54
31 55
31 56
31 57
31 58
31 63
31 65
31 69
31 70
31 75
31 78
31 79
31 83
31 84
31 87
31 89
31 90
31 93
31 95
31 96
31 98
32 2
32 3
32 5
32 6
32 8
32 9
32 13
32 14
32 22
32 23
32 24
32 25
32 30
32 33
32 39
32 44
32 46
32 50
32 52
32 53
32 56
32 67
32 68
32 70
32 80
32 82
32 86
32 87
32 90
32 92
32 95
32 99
33 8
33 12
33 14
33 18
33 20
33 26
33 28
33 29
33 30
33 34
33 38
33 39
33 42
33 44
33 46
33 47
33 48
33 49
33 51
33 53
33 55
33 56
33 57
33 58
33 60
33 61
33 62
33 65
33 66
33 67
33 71
33 73
33 77
33 79
33 80
33 82
33 85
33 89
33 91
33 93
33 94
33 98
34 3
34 4
34 5
34 6
34 7
34 8
34 12
34 15
34 20
34 22
34 23
34 24
34 29
34 30
34 31
34 32
34 35
34 36
34 37
34 39
34 40
34 41
34 43
34 45
34 47
34 53
34 57
34 60
34 61
34 63
34 66
34 67
34 69
34 74
34 75
34 76
34 82
34 83
34 84
34 87
34 89
34 90
34 91
34 97
34 98
34 99
35 4
35 7
35 16
35 17
35 23
35 24
35 25
35 27
35 28
35 31
35 34
35 37
35 39
35 43
35 44
35 45
35 46
35 47
35 51
35 52
35 53
35 61
35 66
35 67
35 68
35 70
35 72
35 77
35 79
35 82
35 83
35 84
35 85
35 89
35 90
35 98
35 99
36 3
36 7
36 19
36 23
36 24
36 25
36 26
36 28
36 29
36 30
36 34
36 35
36 46
36 47
36 48
36 49
36 53
36 55
36 56
36 57
36 58
36 59
36 60
36 62
36 64
36 66
36 71
36 72
36 73
36 78
36 79
36 81
36 82
36 84
36 85
36 86
36 93
36 94
36 98
36 99
37 1
37 7
37 9
37 12
37 14
37 19
37 21
37 23
37 24
37 25
37 28
37 33
37 35
37 36
37 48
37 49
37 55
37 56
37 57
37 58
37 59
37 60
37 63
37 64
37 65
37 68
37 69
37 75
37 76
37 77
37 80
37 83
37 84
37 88
37 89
37 90
37 95
37 99
38 4
38 7
38 11
38 14
38 16
38 17
38 20
38 23
38 26
38 35
38 39
38 40
38 42
38 45
38 50
38 51
38 54
38 57
38 64
38 66
38 70
38 75
38 81
38 82
38 83
38 85
38 91
38 92
38 94
38 98
39 5
39 8
39 13
39 15
39 17
39 18
39 20
39 24
39 25
39 26
39 29
39 31
39 33
39 36
39 38
39 41
39 42
39 45
39 47
39 48
39 49
39 50
39 52
39 53
39 56
39 57
39 58
39 66
39 69
39 71
39 76
39 78
39 79
39 83
39 85
39 88
39 95
40 2
40 4
40 5
40 6
40 10
40 11
40 12
40 18
40 20
40 21
40 22
40 24
40 25
40 29
40 31
40 32
40 34
40 35
40 38
40 50
40 54
40 55
40 57
40 58
40 59
40 62
40 63
40 64
40 69
40 70
40 71
40 72
40 74
40 77
40 78
40 80
40 82
40 84
40 85
40 86
40 90
40 94
41 2
41 4
41 5
41 7
41 11
41 12
41 13
41 15
41 17
41 19
41 20
41 21
41 25
41 27
41 29
41 30
41 34
41 35
41 37
41 40
41 42
41 44
41 48
41 50
41 51
41 52
41 55
41 57
41 58
41 59
41 62
41 64
41 65
41 66
41 68
41 69
41 71
41 73
41 77
41 79
41 81
41 84
41 86
41 87
41 89
41 90
41 93
41 95
42 2
42 12
42 16
42 17
42 19
42 20
42 21
42 22
42 23
42 26
42 27
42 36
42 49
42 53
42 55
42 56
42 58
42 59
42 62
42 63
42 64
42 65
42 66
42 67
42 73
42 74
42 75
42 77
42 82
42 84
42 86
42 87
42 91
42 92
42 96
42 97
43 1
43 4
43 8
43 14
43 17
43 18
43 24
43 32
43 33
43 34
43 35
43 52
43 53
43 54
43 55
43 57
43 62
43 65
43 74
43 75
43 77
43 79
43 80
43 85
43 86
43 87
43 88
43 90
43 91
43 93
43 94
43 95
43 96
43 97
43 98
43 99
44 2
44 3
44 4
44 6
44 7
44 9
44 10
44 11
44 12
44 14
44 15
44 16
44 17
44 19
44 20
44 21
44 22
44 23
44 25
44 26
44 27
44 29
44 41
44 43
44 49
44 53
44 55
44 56
44 58
44 61
44 62
44 63
44 64
44 69
44 70
44 72
44 78
44 81
44 87
44 91
44 95
44 97
45 2
45 8
45 9
45 10
45 11
45 13
45 17
45 18
45 20
45 22
45 24
45 26
45 30
45 37
45 40
45 43
45 44
45 46
45 48
45 50
45 52
45 53
45 54
45 59
45 60
45 61
45 64
45 67
45 68
45 69
45 73
45 75
45 78
45 80
45 81
45 82
45 83
45 84
45 85
45 87
45 89
45 90
45 97
45 99
46 1
46 2
46 3
46 7
46 8
46 12
46 13
46 14
46 21
46 22
46 24
46 29
46 30
46 31
46 32
46 36
46 39
46 40
46 41
46 43
46 48
46 62
46 64
46 65
46 66
46 67
46 68
46 73
46 74
46 75
46 76
46 77
46 85
46 87
46 88
46 90
46 91
46 98
47 6
47 8
47 12
47 21
47 30
47 32
47 35
47 37
47 38
47 39
47 40
47 43
47 44
47 46
47 48
47 49
47 50
47 53
47 55
47 56
47 59
47 62
47 63
47 65
47 70
47 76
47 81
47 85
47 95
47 97
47 98
48 7
48 8
48 9
48 10
48 11
48 14
48 15
48 17
48 18
48 23
48 30
48 31
48 32
48 33
48 34
48 35
48 38
48 39
48 41
48 42
48 43
48 47
48 50
48 51
48 55
48 57
48 59
48 64
48 66
48 69
48 72
48 73
48 74
48 78
48 79
48 82
48 83
48 86
48 87
48 89
48 90
48 92
48 93
48 94
48 98
49 2
49 3
49 4
49 6
49 11
49 12
49 14
49 15
49 19
49 20
49 22
49 23
49 25
49 26
49 28
49 29
49 30
49 31
49 32
49 39
49 41
49 42
49 44
49 46
49 51
49 55
49 58
49 59
49 60
49 61
49 62
49 63
49 68
49 71
49 75
49 79
49 80
49 81
49 87
49 92
49 95
49 99
50 3
50 4
50 16
50 19
50 20
50 21
50 23
50 24
50 25
50 37
50 41
50 45
50 46
50 47
50 53
50 54
50 55
50 58
50 60
50 65
50 68
50 69
50 75
50 76
50 77
50 79
50 80
50 81
50 84
50 87
50 88
50 93
50 95
50 96
50 99
51 1
51 2
51 3
51 6
51 12
51 13
51 14
51 16
51 17
51 18
51 21
51 23
51 26
51 27
51 30
51 31
51 35
51 37
51 40
51 41
51 43
51 46
51 48
51 49
51 50
51 53
51 57
51 63
51 64
51 66
51 68
51 69
51 71
51 72
51 73
51 75
51 80
51 82
51 83
51 84
51 89
51 91
51 92
51 97
52 1
52 2
52 7
52 10
52 11
52 13
52 14
52 16
52 17
52 18
52 20
52 21
52 23
52 24
52 26
52 29
52 31
52 33
52 34
52 37
52 49
52 50
52 51
52 53
52 56
52 58
52 64
52 69
52 70
52 72
52 73
52 78
52 79
52 81
52 89
52 92
52 94
52 95
52 97
52 98
52 99
53 3
53 5
53 8
53 9
53 11
53 19
53 20
53 22
53 28
53 31
53 38
53 42
53 43
53 47
53 48
53 50
53 54
53 59
53 69
53 71
53 73
53 75
53 77
53 79
53 82
53 85
53 88
53 90
53 91
53 95
53 96
54 1
54 2
54 4
54 7
54 13
54 16
54 17
54 18
54 21
54 24
54 26
54 27
54 33
54 34
54 36
54 38
54 40
54 41
54 42
54 44
54 45
54 46
54 47
54 49
54 56
54 57
54 58
54 60
54 61
54 66
54 67
54 68
54 69
54 73
54 85
54 86
54 87
54 90
54 95
54 96
54 97
54 99
55 3
55 5
55 6
55 7
55 10
55 11
55 14
55 15
55 17
55 18
55 20
55 21
55 23
55 24
55 32
55 38
55 40
55 41
55 47
55 49
55 50
55 51
55 52
55 53
55 54
55 58
55 60
55 61
55 66
55 73
55 74
55 75
55 77
55 83
55 87
55 95
55 96
55 99
56 6
56 8
56 9
56 12
56 14
56 15
56 16
56 21
56 24
56 31
56 33
56 37
56 39
56 46
56 47
56 48
56 49
56 50
56 53
56 54
56 57
56 58
56 61
56 63
56 64
56 68
56 69
56 71
56 72
56 74
56 76
56 82
56 85
56 86
56 88
56 90
56 91
56 94
57 1
57 2
57 3
57 4
57 6
57 10
57 13
57 18
57 22
57 29
57 30
57 33
57 36
57 37
57 38
57 40
57 42
57 45
57 48
57 50
57 52
57 53
57 59
57 60
57 63
57 64
57 65
57 66
57 68
57 73
57 76
57 77
57 79
57 84
57 88
57 89
57 94
57 96
58 3
58 10
58 11
58 14
58 15
58 16
58 17
58 18
58 19
58 21
58 25
58 27
58 28
58 30
58 31
58 35
58 38
58 40
58 42
58 43
58 48
58 49
58 50
58 53
58 57
58 60
58 64
58 66
58 74
58 75
58 78
58 80
58 82
58 85
58 90
58 91
58 97
58 98
58 99
59 3
59 10
59 13
59 14
59 15
59 17
59 18
59 21
59 22
59 24
59 26
59 28
59 31
59 32
59 33
59 35
59 37
59 38
59 39
59 45
59 46
59 48
59 56
59 64
59 69
59 71
59 76
59 77
59 79
59 87
59 90
59 91
59 92
60 4
60 5
60 7
60 12
60 14
60 15
60 27
60 30
60 32
60 36
60 40
60 42
60 43
60 45
60 46
60 47
60 50
60 52
60 53
60 54
60 56
60 59
60 65
60 67
60 69
60 71
60 75
60 79
60 81
60 84
60 85
60 86
60 88
60 90
60 92
60 95
60 96
60 97
60 98
60 99
61 4
61 5
61 6
61 7
61 8
61 17
61 19
61 20
61 21
61 23
61 30
61 34
61 36
61 37
61 38
61 39
61 40
61 42
61 50
61 54
61 58
61 60
61 63
61 65
61 67
61 70
61 71
61 73
61 76
61 79
61 81
61 84
61 90
61 91
61 92
61 95
61 97
61 98
61 99
62 3
62 4
62 5
62 7
62 8
62 13
62 15
62 16
62 22
62 28
62 30
62 37
62 38
62 39
62 42
62 44
62 46
62 48
62 50
62 55
62 61
62 65
62 66
62 69
62 72
62 73
62 76
62 77
62 78
62 79
62 81
62 83
62 85
62 86
63 1
63 4
63 6
63 7
63 12
63 23
63 25
63 27
63 29
63 33
63 38
63 44
63 46
63 48
63 49
63 57
63 58
63 61
63 62
63 64
63 65
63 68
63 70
63 72
63 80
63 83
63 85
63 87
63 91
63 97
63 99
64 2
64 3
64 4
64 8
64 11
64 12
64 14
64 15
64 17
64 20
64 21
64 23
64 26
64 27
64 33
64 34
64 36
64 39
64 40
64 43
64 44
64 45
64 46
64 50
64 55
64 56
64 57
64 61
64 63
64 66
64 69
64 72
64 75
64 77
64 79
64 80
64 83
64 85
64 86
64 87
64 88
64 89
64 90
64 96
64 98
64 99
65 3
65 10
65 11
65 13
65 16
65 18
65 29
65 31
65 32
65 36
65 40
65 44
65 45
65 47
65 48
65 50
65 51
65 52
65 56
65 64
65 67
65 71
65 75
65 77
65 78
65 80
65 81
65 84
65 85
65 92
65 93
65 98
66 2
66 4
66 5
66 13
66 17
66 21
66 23
66 24
66 26
66 28
66 35
66 36
66 41
66 44
66 47
66 48
66 49
66 53
66 56
66 58
66 59
66 68
66 71
66 76
66 80
66 85
66 86
66 89
66 90
66 91
66 93
66 98
67 1
67 2
67 4
67 7
67 9
67 14
67 15
67 17
67 19
67 23
67 26
67 27
67 29
67 30
67 36
67 37
67 38
67 44
67 45
67 47
67 49
67 53
67 54
67 65
67 69
67 70
67 76
67 80
67 85
67 87
67 88
67 89
67 91
67 92
67 94
67 96
68 2
68 5
68 9
68 10
68 12
68 15
68 17
68 20
68 21
68 22
68 27
68 28
68 29
68 30
68 31
68 34
68 36
68 37
68 38
68 39
68 41
68 43
68 44
68 46
68 47
68 50
68 51
68 52
68 53
68 56
68 58
68 59
68 62
68 63
68 65
68 70
68 75
68 76
68 82
68 84
68 86
68 88
68 92
68 93
68 95
68 98
69 1
69 3
69 7
69 8
69 15
69 21
69 22
69 23
69 29
69 30
69 31
69 32
69 33
69 36
69 38
69 41
69 43
69 48
69 52
69 67
69 68
69 70
69 71
69 72
69 75
69 77
69 78
69 81
69 82
69 83
69 86
69 91
69 92
69 96
69 97
70 2
70 6
70 9
70 12
70 16
70 17
70 18
70 20
70 25
70 31
70 33
70 38
70 40
70 45
70 48
70 49
70 50
70 51
70 53
70 55
70 61
70 62
70 63
70 64
70 65
70 67
70 69
70 72
70 74
70 75
70 78
70 82
70 87
70 92
70 94
71 1
71 5
71 6
71 9
71 11
71 16
71 17
71 19
71 20
71 22
71 23
71 30
71 34
71 35
71 37
71 38
71 40
71 42
71 44
71 49
71 50
71 51
71 58
71 59
71 60
71 70
71 72
71 73
71 75
71 77
71 78
71 81
71 84
71 86
71 87
71 88
71 89
71 92
71 95
72 3
72 4
72 5
72 6
72 7
72 11
72 12
72 13
72 19
72 22
72 23
72 25
72 27
72 31
72 34
72 40
72 41
72 50
72 51
72 52
72 58
72 63
72 65
72 66
72 67
72 78
72 88
72 89
72 97
72 99
73 2
73 6
73 7
73 8
73 10
73 12
73 14
73 15
73 17
73 22
73 23
73 24
73 25
73 28
73 36
73 38
73 42
73 45
73 47
73 51
73 54
73 55
73 58
73 60
73 64
73 65
73 66
73 69
73 72
73 75
73 79
73 80
73 83
73 87
73 89
73 91
73 92
73 93
73 94
73 96
73 97
74 2
74 11
74 19
74 23
74 24
74 25
74 26
74 30
74 31
74 33
74 36
74 37
74 40
74 46
74 52
74 56
74 57
74 59
74 61
74 62
74 66
74 67
74 70
74 71
74 72
74 75
74 76
74 78
74 79
74 81
74 85
74 89
74 90
74 91
74 92
75 1
75 4
75 5
75 6
75 10
75 12
75 14
75 18
75 30
75 32
75 38
75 41
75 43
75 45
75 47
75 48
75 50
75 51
75 52
75 53
75 56
75 57
75 66
75 68
75 69
75 76
75 77
75 81
75 82
75 89
75 90
75 93
75 94
75 96
75 99
76 3
76 6
76 10
76 17
76 18
76 23
76 24
76 27
76 28
76 41
76 42
76 44
76 46
76 47
76 50
76 53
76 62
76 63
76 64
76 66
76 68
76 72
76 77
76 79
76 80
76 82
76 83
76 86
76 98
76 99
77 10
77 13
77 24
77 26
77 29
77 30
77 32
77 33
77 39
77 41
77 42
77 43
77 44
77 45
77 51
77 54
77 63
77 67
77 69
77 72
77 74
77 76
77 78
77 80
77 81
77 83
77 84
77 90
77 92
77 93
77 95
77 96
78 1
78 3
78 5
78 14
78 19
78 25
78 26
78 27
78 29
78 30
78 31
78 32
78 33
78 39
78 40
78 45
78 46
78 51
78 52
78 53
78 55
78 56
78 57
78 58
78 59
78 61
78 63
78 64
78 65
78 66
78 69
78 71
78 72
78 73
78 75
78 77
78 79
78 80
78 82
78 83
78 85
78 86
78 89
78 91
78 92
78 97
79 1
79 2
79 4
79 8
79 9
79 15
79 16
79 17
79 19
79 20
79 21
79 22
79 24
79 25
79 27
79 30
79 34
79 37
79 39
79 41
79 42
79 47
79 51
79 54
79 61
79 62
79 65
79 70
79 74
79 75
79 78
79 81
79 83
79 86
79 87
79 89
79 90
79 91
79 92
79 94
80 4
80 7
80 11
80 16
80 17
80 18
80 23
80 25
80 26
80 27
80 28
80 29
80 32
80 36
80 40
80 43
80 47
80 48
80 51
80 52
80 53
80 55
80 56
80 59
80 61
80 62
80 64
80 70
80 71
80 73
80 79
80 83
80 88
80 91
80 95
80 96
80 97
81 2
81 3
81 7
81 9
81 10
81 11
81 13
81 17
81 18
81 22
81 29
81 30
81 31
81 32
81 34
81 35
81 37
81 40
81 46
81 53
81 54
81 55
81 56
81 57
81 59
81 61
81 64
81 67
81 68
81 70
81 72
81 75
81 79
81 80
81 82
81 85
81 87
81 88
81 89
81 90
81 91
81 94
81 95
81 97
82 6
82 8
82 13
82 15
82 19
82 21
82 24
82 25
82 26
82 27
82 28
82 30
82 34
82 38
82 43
82 46
82 49
82 50
82 51
82 52
82 62
82 65
82 66
82 67
82 71
82 72
82 73
82 74
82 75
82 77
82 78
82 86
82 87
82 90
82 96
82 98
82 99
83 1
83 2
83 4
83 5
83 8
83 9
83 10
83 21
83 22
83 26
83 27
83 30
83 31
83 32
83 33
83 37
83 40
83 41
83 43
83 44
83 46
83 50
83 54
83 56
83 64
83 65
83 66
83 69
83 71
83 73
83 76
83 78
83 79
83 81
83 86
83 88
83 90
83 94
83 96
84 1
84 3
84 4
84 12
84 14
84 17
84 20
84 21
84 24
84 27
84 28
84 35
84 36
84 40
84 43
84 45
84 47
84 48
84 50
84 52
84 54
84 57
84 58
84 65
84 68
84 69
84 71
84 72
84 73
84 78
84 79
84 83
84 85
84 87
84 89
84 93
84 96
84 97
85 1
85 5
85 6
85 8
85 10
85 12
85 13
85 19
85 24
85 38
85 45
85 48
85 53
85 54
85 56
85 63
85 68
85 71
85 73
85 74
85 78
85 79
85 80
85 81
85 83
85 84
85 93
85 95
85 97
86 1
86 2
86 3
86 11
86 16
86 17
86 21
86 23
86 25
86 28
86 31
86 33
86 38
86 40
86 48
86 53
86 56
86 61
86 66
86 67
86 71
86 74
86 79
86 80
86 82
86 83
86 90
86 93
86 94
87 1
87 5
87 6
87 7
87 9
87 10
87 12
87 13
87 15
87 17
87 19
87 20
87 21
87 22
87 27
87 28
87 29
87 31
87 32
87 34
87 36
87 39
87 41
87 46
87 47
87 48
87 49
87 50
87 55
87 58
87 59
87 63
87 64
87 65
87 66
87 67
87 75
87 76
87 79
87 81
87 82
87 84
88 2
88 4
88 8
88 10
88 11
88 16
88 19
88 21
88 29
88 30
88 32
88 34
88 37
88 39
88 41
88 43
88 45
88 46
88 49
88 50
88 54
88 55
88 56
88 59
88 60
88 61
88 64
88 65
88 68
88 70
88 76
88 77
88 78
88 79
88 86
88 93
88 95
88 96
88 99
89 1
89 2
89 5
89 11
89 14
89 16
89 18
89 21
89 24
89 25
89 29
89 30
89 36
89 37
89 38
89 40
89 41
89 42
89 47
89 49
89 52
89 55
89 56
89 57
89 59
89 60
89 62
89 63
89 65
89 67
89 69
89 70
89 73
89 74
89 80
89 81
89 83
89 88
89 90
89 93
89 94
89 95
89 96
90 8
90 14
90 23
90 25
90 26
90 28
90 29
90 31
90 32
90 36
90 39
90 42
90 43
90 47
90 50
90 53
90 54
90 56
90 58
90 61
90 67
90 69
90 70
90 73
90 75
90 78
90 83
90 84
90 85
90 86
90 87
90 92
90 95
90 97
91 3
91 4
91 6
91 10
91 11
91 13
91 20
91 23
91 27
91 28
91 30
91 32
91 33
91 34
91 37
91 47
91 49
91 52
91 56
91 57
91 58
91 60
91 63
91 65
91 66
91 67
91 68
91 70
91 72
91 77
91 80
91 82
91 83
91 85
91 86
91 89
91 92
91 94
91 95
91 96
91 97
91 98
92 2
92 5
92 11
92 14
92 15
92 16
92 19
92 20
92 21
92 23
92 24
92 25
92 26
92 27
92 28
92 30
92 33
92 35
92 37
92 38
92 47
92 50
92 51
92 52
92 54
92 55
92 57
92 59
92 60
92 61
92 74
92 75
92 77
92 79
92 80
92 82
92 87
92 91
92 93
92 94
92 96
92 97
93 6
93 8
93 9
93 10
93 12
93 16
93 19
93 20
93 23
93 32
93 34
93 37
93 39
93 41
93 43
93 45
93 48
93 51
93 53
93 58
93 59
93 61
93 65
93 66
93 69
93 71
93 72
93 74
93 79
93 81
93 84
93 86
93 90
93 94
93 96
93 98
94 3
94 6
94 7
94 10
94 12
94 13
94 15
94 16
94 17
94 18
94 25
94 27
94 35
94 38
94 39
94 41
94 42
94 44
94 49
94 57
94 61
94 62
94 63
94 66
94 68
94 70
94 77
94 86
94 87
94 90
94 91
94 93
94 97
95 3
95 7
95 8
95 9
95 14
95 17
95 19
95 20
95 23
95 24
95 25
95 26
95 28
95 37
95 38
95 42
95 43
95 47
95 48
95 49
95 51
95 53
95 54
95 55
95 66
95 68
95 75
95 77
95 79
95 80
95 82
95 83
95 84
95 85
95 89
96 2
96 3
96 8
96 9
96 16
96 21
96 22
96 24
96 27
96 28
96 31
96 33
96 35
96 39
96 40
96 41
96 45
96 49
96 51
96 54
96 55
96 56
96 58
96 61
96 62
96 64
96 66
96 70
96 73
96 74
96 75
96 78
96 79
96 80
96 82
96 83
96 85
96 86
96 87
96 89
96 90
96 91
96 92
96 94
96 98
96 99
97 2
97 5
97 6
97 7
97 8
97 10
97 11
97 12
97 14
97 16
97 18
97 20
97 24
97 26
97 28
97 32
97 37
97 43
97 44
97 45
97 50
97 53
97 54
97 56
97 58
97 59
97 61
97 62
97 63
97 64
97 65
97 69
97 70
97 73
97 77
97 78
97 82
97 86
97 87
97 91
97 92
97 95
97 96
98 4
98 11
98 12
98 13
98 15
98 17
98 18
98 19
98 20
98 21
98 22
98 24
98 28
98 42
98 45
98 47
98 51
98 52
98 53
98 58
98 59
98 65
98 67
98 70
98 72
98 79
98 81
98 82
98 83
98 89
98 92
98 95
98 96
98 97
98 99
99 3
99 4
99 9
99 10
99 11
99 12
99 15
99 16
99 17
99 20
99 22
99 23
99 24
99 25
99 26
99 28
99 30
99 31
99 34
99 41
99 45
99 48
99 49
99 51
99 57
99 65
99 68
99 71
99 73
99 76
99 80
99 81
99 83
99 87
99 89
99 90
99 93
99 94
99 95
99 96
99 97
99 98
