99
3938
1 4
1 9
1 10
1 13
1 14
1 15
1 19
1 21
1 23
1 25
1 29
1 30
1 31
1 33
1 34
1 35
1 37
1 41
1 46
1 47
1 49
1 51
1 57
1 58
1 60
1 63
1 65
1 66
1 67
1 68
1 73
1 76
1 80
1 81
1 82
1 83
1 89
1 91
1 92
1 94
1 96
2 1
2 7
2 9
2 11
2 12
2 14
2 15
2 16
2 17
2 18
2 20
2 22
2 24
2 26
2 28
2 29
2 31
2 34
2 38
2 41
2 54
2 58
2 60
2 61
2 62
2 64
2 65
2 69
2 70
2 76
2 77
2 79
2 80
2 81
2 82
2 84
2 88
2 89
2 91
2 94
2 95
2 96
2 98
2 99
3 2
3 7
3 13
3 25
3 26
3 30
3 31
3 32
3 36
3 43
3 45
3 49
3 51
3 55
3 56
3 57
3 59
3 67
3 69
3 70
3 72
3 75
3 78
3 79
3 83
3 85
3 87
3 93
3 95
4 8
4 9
4 10
4 11
4 16
4 17
4 20
4 23
4 24
4 27
4 30
4 31
4 39
4 41
4 42
4 45
4 47
4 49
4 51
4 52
4 55
4 59
4 60
4 61
4 62
4 64
4 66
4 74
4 75
4 79
4 86
4 90
4 91
4 92
4 95
4 97
5 7
5 11
5 12
5 16
5 21
5 24
5 37
5 40
5 42
5 43
5 46
5 53
5 54
5 57
5 59
5 63
5 65
5 72
5 76
5 80
5 81
5 85
5 87
5 88
5 93
5 95
5 96
6 3
6 9
6 10
6 20
6 21
6 22
6 23
6 25
6 27
6 30
6 31
6 33
6 40
6 41
6 46
6 47
6 54
6 55
6 56
6 59
6 60
6 61
6 62
6 71
6 73
6 77
6 78
6 79
6 82
6 84
6 86
6 87
6 90
6 91
6 94
6 95
6 96
6 98
7 1
7 4
7 8
7 9
7 10
7 14
7 15
7 21
7 24
7 26
7 27
7 28
7 29
7 46
7 48
7 49
7 50
7 51
7 56
7 59
7 60
7 63
7 64
7 66
7 69
7 72
7 74
7 78
7 79
7 84
7 86
7 90
7 94
7 96
7 97
8 3
8 4
8 7
8 9
8 14
8 15
8 19
8 21
8 23
8 25
8 30
8 32
8 34
8 37
8 38
8 40
8 42
8 43
8 46
8 47
8 50
8 53
8 59
8 60
8 61
8 62
8 63
8 64
8 65
8 69
8 70
8 74
8 76
8 78
8 80
8 84
8 85
8 87
8 90
8 94
8 95
8 96
9 1
9 2
9 12
9 13
9 15
9 20
9 22
9 24
9 29
9 30
9 32
9 33
9 35
9 37
9 38
9 41
9 42
9 43
9 45
9 46
9 47
9 48
9 49
9 51
9 53
9 54
9 57
9 58
9 60
9 62
9 63
9 68
9 70
9 71
9 72
9 73
9 74
9 77
9 80
9 81
9 82
9 84
9 92
9 93
9 94
9 97
10 3
10 5
10 7
10 11
10 12
10 14
10 15
10 17
10 19
10 23
10 26
10 32
10 36
10 39
10 42
10 43
10 47
10 48
10 50
10 52
10 57
10 62
10 64
10 65
10 66
10 71
10 76
10 79
10 81
10 82
10 84
10 85
10 86
10 89
10 93
10 96
10 98
10 99
11 1
11 9
11 10
11 15
11 16
11 19
11 20
11 23
11 25
11 26
11 28
11 29
11 31
11 32
11 33
11 35
11 38
11 46
11 48
11 51
11 54
11 56
11 57
11 59
11 61
11 62
11 63
11 65
11 68
11 71
11 77
11 79
11 80
11 81
11 91
11 92
11 94
11 95
11 97
12 1
12 2
12 3
12 6
12 11
12 15
12 16
12 17
12 23
12 24
12 25
12 26
12 30
12 31
12 32
12 35
12 38
12 39
12 41
12 44
12 46
12 48
12 50
12 51
12 56
12 67
12 68
12 76
12 79
12 80
12 83
12 86
12 87
12 88
12 92
12 93
12 97
12 98
12 99
13 1
13 9
13 14
13 15
13 17
13 24
13 25
13 26
13 27
13 29
13 30
13 31
13 32
13 33
13 34
13 35
13 40
13 41
13 44
13 48
13 49
13 50
13 52
13 58
13 61
13 69
13 70
13 71
13 73
13 77
13 78
13 80
13 81
13 84
13 91
13 92
13 95
13 96
13 97
13 99
14 2
14 6
14 7
14 10
14 11
14 24
14 26
14 30
14 31
14 33
14 34
14 37
14 39
14 40
14 42
14 44
14 46
14 48
14 49
14 50
14 51
14 52
14 53
14 55
14 58
14 61
14 63
14 65
14 67
14 68
14 71
14 75
14 79
14 81
14 82
14 84
14 85
14 92
14 93
14 96
15 5
15 7
15 9
15 11
15 19
15 22
15 26
15 27
15 28
15 35
15 37
15 39
15 40
15 47
15 49
15 50
15 52
15 58
15 59
15 60
15 62
15 69
15 70
15 71
15 73
15 75
15 78
15 81
15 84
15 86
15 88
15 89
15 90
15 91
15 97
15 99
16 9
16 10
16 11
16 12
16 13
16 17
16 18
16 20
16 23
16 33
16 35
16 37
16 40
16 43
16 47
16 48
16 51
16 53
16 57
16 59
16 62
16 66
16 67
16 68
16 73
16 79
16 80
16 83
16 89
16 91
16 92
16 94
16 96
16 98
17 4
17 5
17 9
17 10
17 11
17 18
17 19
17 22
17 23
17 25
17 26
17 32
17 34
17 35
17 37
17 38
17 39
17 40
17 44
17 58
17 62
17 63
17 65
17 67
17 72
17 73
17 75
17 77
17 78
17 79
17 80
17 82
17 84
17 85
17 87
17 90
17 91
17 92
17 95
17 98
18 1
18 4
18 5
18 8
18 9
18 10
18 12
18 16
18 20
18 22
18 23
18 30
18 32
18 33
18 35
18 36
18 37
18 39
18 43
18 46
18 49
18 50
18 53
18 57
18 59
18 60
18 61
18 63
18 65
18 68
18 69
18 70
18 71
18 72
18 74
18 75
18 78
18 79
18 80
18 81
18 82
18 88
18 89
18 95
18 97
18 99
19 5
19 6
19 8
19 10
19 11
19 12
19 13
19 15
19 18
19 21
19 23
19 26
19 27
19 28
19 29
19 32
19 33
19 36
19 37
19 38
19 41
19 42
19 47
19 51
19 55
19 56
19 57
19 60
19 64
19 68
19 69
19 71
19 72
19 77
19 79
19 80
19 81
19 82
19 83
19 91
19 92
19 98
20 1
20 2
20 4
20 7
20 9
20 12
20 15
20 16
20 27
20 28
20 30
20 31
20 32
20 34
20 37
20 41
20 47
20 48
20 57
20 60
20 63
20 64
20 70
20 71
20 72
20 75
20 76
20 79
20 83
20 84
20 89
20 91
20 93
20 95
20 99
21 3
21 5
21 6
21 8
21 9
21 10
21 11
21 13
21 16
21 17
21 20
21 24
21 29
21 34
21 35
21 36
21 37
21 39
21 40
21 45
21 47
21 48
21 49
21 51
21 60
21 61
21 63
21 65
21 67
21 70
21 71
21 73
21 75
21 77
21 79
21 80
21 81
21 82
21 83
21 84
21 86
21 87
21 88
21 91
21 95
21 99
22 2
22 3
22 7
22 9
22 13
22 15
22 16
22 21
22 23
22 24
22 25
22 26
22 30
22 32
22 33
22 36
22 37
22 43
22 45
22 47
22 49
22 50
22 57
22 58
22 62
22 66
22 68
22 74
22 76
22 83
22 84
22 88
22 94
22 95
22 98
22 99
23 3
23 5
23 8
23 9
23 12
23 13
23 14
23 15
23 16
23 22
23 31
23 34
23 36
23 42
23 46
23 49
23 57
23 58
23 61
23 62
23 63
23 64
23 65
23 67
23 70
23 73
23 74
23 78
23 81
23 82
23 83
23 85
23 87
23 90
23 94
23 95
24 1
24 5
24 9
24 15
24 20
24 21
24 23
24 27
24 28
24 29
24 33
24 35
24 39
24 44
24 45
24 49
24 50
24 51
24 54
24 56
24 58
24 60
24 62
24 64
24 65
24 66
24 68
24 69
24 71
24 72
24 73
24 74
24 77
24 81
24 83
24 84
24 89
24 90
24 92
24 94
24 95
24 97
24 99
25 3
25 4
25 5
25 8
25 9
25 10
25 11
25 12
25 13
25 14
25 15
25 16
25 19
25 21
25 22
25 27
25 31
25 36
25 38
25 39
25 43
25 44
25 45
25 55
25 63
25 65
25 69
25 70
25 75
25 76
25 82
25 86
25 87
25 88
25 90
25 92
25 93
25 96
26 4
26 7
26 9
26 11
26 12
26 14
26 17
26 18
26 20
26 21
26 23
26 27
26 30
26 31
26 35
26 38
26 39
26 40
26 45
26 46
26 49
26 53
26 55
26 57
26 58
26 59
26 64
26 66
26 68
26 69
26 72
26 88
26 91
26 92
26 95
26 96
26 99
27 2
27 3
27 4
27 6
27 14
27 25
27 28
27 29
27 31
27 37
27 38
27 41
27 49
27 50
27 52
27 53
27 55
27 56
27 59
27 66
27 68
27 69
27 70
27 72
27 75
27 76
27 77
27 79
27 80
27 82
27 83
27 84
27 85
27 88
27 90
27 91
27 93
27 94
27 96
27 97
27 98
27 99
28 3
28 4
28 5
28 7
28 9
28 10
28 14
28 15
28 17
28 20
28 22
28 23
28 24
28 25
28 30
28 36
28 41
28 43
28 45
28 46
28 48
28 51
28 52
28 53
28 55
28 59
28 60
28 62
28 66
28 67
28 68
28 72
28 74
28 75
28 80
28 82
28 83
28 86
28 87
28 88
28 89
28 90
28 91
28 96
28 99
29 3
29 6
29 9
29 10
29 13
29 14
29 15
29 16
29 18
29 21
29 22
29 23
29 26
29 30
29 31
29 34
29 37
29 45
29 47
29 51
29 52
29 54
29 58
29 62
29 63
29 64
29 66
29 68
29 69
29 70
29 73
29 74
29 75
29 76
29 80
29 81
29 83
29 84
29 87
29 88
29 89
29 92
29 96
29 97
30 2
30 7
30 11
30 13
30 15
30 17
30 18
30 25
30 27
30 28
30 29
30 31
30 34
30 38
30 40
30 42
30 44
30 46
30 48
30 51
30 53
30 55
30 57
30 62
30 63
30 64
30 71
30 74
30 75
30 76
30 77
30 78
30 79
30 82
30 85
30 86
30 88
30 90
30 92
30 93
30 96
30 98
30 99
31 7
31 8
31 13
31 14
31 15
31 18
31 19
31 20
31 23
31 24
31 29
31 30
31 33
31 36
31 39
31 40
31 41
31 50
31 52
31 55
31 56
31 58
31 62
31 68
31 69
31 70
31 71
31 75
31 76
31 78
31 80
31 82
31 83
31 84
31 92
31 93
32 2
32 3
32 7
32 10
32 12
32 14
32 15
32 16
32 17
32 22
32 26
32 28
32 30
32 31
32 35
32 38
32 39
32 45
32 48
32 54
32 57
32 58
32 61
32 62
32 65
32 69
32 70
32 73
32 76
32 83
32 84
32 85
32 86
32 88
32 92
32 93
32 95
32 98
33 2
33 3
33 5
33 6
33 8
33 12
33 13
33 19
33 22
33 23
33 24
33 25
33 26
33 28
33 29
33 32
33 34
33 36
33 40
33 44
33 46
33 47
33 50
33 52
33 55
33 56
33 58
33 59
33 65
33 67
33 68
33 70
33 71
33 73
33 75
33 77
33 78
33 82
33 92
33 95
33 99
34 5
34 6
34 7
34 8
34 9
34 10
34 11
34 12
34 14
34 17
34 19
34 22
34 23
34 26
34 29
34 33
34 41
34 46
34 50
34 52
34 55
34 58
34 60
34 63
34 64
34 65
34 68
34 73
34 75
34 77
34 78
34 79
34 82
34 83
34 84
34 85
34 88
34 90
34 93
34 95
34 97
34 98
35 2
35 7
35 8
35 9
35 12
35 14
35 16
35 18
35 21
35 22
35 24
35 25
35 28
35 31
35 33
35 34
35 36
35 38
35 39
35 41
35 42
35 43
35 46
35 47
35 49
35 50
35 52
35 54
35 55
35 56
35 57
35 61
35 62
35 67
35 69
35 70
35 78
35 79
35 81
35 85
35 88
35 91
35 93
35 94
35 96
35 99
36 1
36 3
36 8
36 14
36 16
36 19
36 23
36 24
36 25
36 27
36 28
36 29
36 31
36 32
36 38
36 41
36 43
36 45
36 48
36 50
36 53
36 55
36 56
36 59
36 60
36 62
36 73
36 76
36 77
36 80
36 84
36 85
36 86
36 87
36 89
36 90
36 95
36 97
37 3
37 4
37 6
37 7
37 9
37 10
37 13
37 16
37 18
37 19
37 24
37 25
37 31
37 32
37 33
37 34
37 36
37 40
37 42
37 45
37 50
37 51
37 52
37 55
37 56
37 60
37 64
37 65
37 66
37 68
37 69
37 71
37 76
37 77
37 78
37 80
37 83
37 84
37 86
37 89
37 90
37 91
37 93
37 96
37 99
38 2
38 5
38 6
38 7
38 11
38 13
38 17
38 20
38 25
38 32
38 40
38 43
38 44
38 45
38 48
38 50
38 51
38 55
38 56
38 57
38 59
38 63
38 65
38 66
38 69
38 70
38 74
38 75
38 76
38 78
38 80
38 81
38 82
38 91
38 92
38 95
38 96
38 97
39 3
39 9
39 10
39 11
39 12
39 17
39 21
39 23
39 24
39 25
39 27
39 28
39 29
39 31
39 36
39 40
39 41
39 45
39 46
39 47
39 48
39 51
39 52
39 54
39 56
39 58
39 59
39 60
39 61
39 63
39 66
39 67
39 74
39 75
39 79
39 80
39 81
39 83
39 87
39 88
39 91
39 95
39 96
40 2
40 3
40 4
40 5
40 7
40 10
40 11
40 12
40 15
40 18
40 21
40 23
40 26
40 27
40 29
40 30
40 31
40 34
40 35
40 37
40 38
40 39
40 42
40 43
40 45
40 46
40 51
40 52
40 57
40 60
40 62
40 63
40 66
40 67
40 68
40 72
40 74
40 75
40 77
40 84
40 85
40 87
40 92
40 93
40 94
40 98
40 99
41 1
41 2
41 3
41 5
41 16
41 17
41 18
41 19
41 22
41 24
41 25
41 26
41 27
41 28
41 32
41 33
41 37
41 38
41 42
41 49
41 55
41 58
41 59
41 60
41 61
41 62
41 66
41 68
41 75
41 77
41 85
41 87
41 91
41 92
41 94
41 95
41 97
41 98
42 1
42 2
42 6
42 7
42 9
42 10
42 12
42 13
42 17
42 20
42 21
42 22
42 26
42 27
42 29
42 34
42 45
42 46
42 50
42 53
42 54
42 56
42 57
42 61
42 64
42 68
42 69
42 70
42 78
42 79
42 81
42 82
42 84
42 85
42 88
42 94
42 95
42 96
43 4
43 5
43 10
43 11
43 12
43 13
43 20
43 30
43 31
43 32
43 39
43 42
43 44
43 45
43 46
43 49
43 50
43 52
43 53
43 64
43 65
43 66
43 67
43 70
43 72
43 73
43 74
43 76
43 78
43 79
43 82
43 83
43 87
43 89
43 90
43 91
43 93
43 94
43 95
43 96
43 97
44 3
44 4
44 5
44 7
44 9
44 10
44 14
44 15
44 16
44 22
44 26
44 30
44 31
44 34
44 36
44 37
44 40
44 43
44 48
44 49
44 51
44 52
44 53
44 54
44 57
44 59
44 61
44 62
44 66
44 68
44 71
44 73
44 74
44 75
44 77
44 78
44 79
44 80
44 82
44 83
44 85
44 86
44 89
44 91
44 94
44 96
44 97
44 99
45 2
45 4
45 5
45 7
45 8
45 18
45 22
45 23
45 24
45 25
45 26
45 28
45 31
45 32
45 34
45 48
45 52
45 54
45 57
45 58
45 62
45 65
45 66
45 69
45 72
45 73
45 74
45 75
45 76
45 77
45 82
45 93
45 94
45 95
45 96
45 98
46 3
46 8
46 15
46 19
46 27
46 29
46 32
46 34
46 36
46 37
46 44
46 48
46 52
46 53
46 56
46 57
46 58
46 59
46 60
46 64
46 67
46 72
46 73
46 75
46 76
46 90
46 91
46 93
46 94
46 97
47 1
47 2
47 3
47 5
47 6
47 8
47 9
47 23
47 24
47 25
47 26
47 30
47 31
47 32
47 33
47 34
47 36
47 37
47 41
47 42
47 45
47 52
47 55
47 56
47 57
47 58
47 59
47 61
47 62
47 65
47 66
47 68
47 69
47 70
47 72
47 74
47 78
47 80
47 84
47 86
47 91
47 95
47 98
48 1
48 4
48 8
48 10
48 12
48 14
48 17
48 19
48 24
48 25
48 27
48 32
48 33
48 39
48 40
48 42
48 44
48 51
48 54
48 55
48 56
48 58
48 59
48 60
48 62
48 63
48 64
48 67
48 73
48 76
48 77
48 79
48 81
48 82
48 83
48 89
48 91
48 92
48 96
48 99
49 3
49 4
49 10
49 11
49 13
49 19
49 21
49 22
49 23
49 24
49 26
49 28
49 29
49 30
49 37
49 38
49 42
49 47
49 48
49 53
49 54
49 55
49 56
49 59
49 60
49 64
49 65
49 69
49 70
49 71
49 77
49 83
49 84
49 88
49 89
49 92
49 96
49 99
50 2
50 4
50 5
50 8
50 14
50 19
50 20
50 26
50 27
50 31
50 32
50 33
50 37
50 39
50 41
50 44
50 46
50 49
50 51
50 53
50 56
50 60
50 61
50 63
50 65
50 66
50 67
50 70
50 71
50 73
50 74
50 76
50 78
50 79
50 81
50 82
50 86
50 87
50 88
50 90
50 93
50 95
50 99
51 1
51 11
51 16
51 17
51 19
51 20
51 21
51 26
51 31
51 32
51 35
51 36
51 37
51 41
51 44
51 47
51 48
51 49
51 52
51 53
51 54
51 56
51 58
51 61
51 65
51 66
51 69
51 74
51 75
51 81
51 82
51 92
51 93
52 5
52 6
52 8
52 9
52 10
52 13
52 17
52 26
52 27
52 29
52 32
52 36
52 39
52 41
52 43
52 46
52 47
52 50
52 55
52 56
52 58
52 59
52 60
52 61
52 62
52 66
52 71
52 76
52 77
52 80
52 84
52 85
52 90
52 93
52 95
52 97
53 2
53 5
53 8
53 9
53 11
53 12
53 15
53 16
53 17
53 18
53 21
53 24
53 25
53 26
53 28
53 32
53 37
53 39
53 42
53 46
53 47
53 49
53 50
53 54
53 55
53 57
53 60
53 61
53 63
53 65
53 67
53 69
53 72
53 74
53 77
53 79
53 80
53 87
53 93
53 97
53 98
54 1
54 2
54 5
54 7
54 8
54 10
54 11
54 17
54 18
54 19
54 21
54 25
54 27
54 30
54 35
54 37
54 39
54 41
54 43
54 45
54 47
54 49
54 55
54 56
54 63
54 68
54 69
54 75
54 76
54 77
54 81
54 82
54 84
54 86
54 94
54 95
54 99
55 7
55 12
55 14
55 15
55 17
55 18
55 21
55 23
55 25
55 27
55 28
55 32
55 35
55 38
55 39
55 46
55 48
55 49
55 50
55 51
55 60
55 63
55 70
55 75
55 78
55 81
55 84
55 86
55 87
55 88
55 91
55 92
55 93
55 96
55 97
55 98
55 99
56 3
56 4
56 5
56 7
56 10
56 11
56 13
56 14
56 15
56 18
56 23
56 28
56 29
56 33
56 34
56 36
56 37
56 38
56 39
56 40
56 41
56 42
56 51
56 52
56 55
56 57
56 60
56 63
56 67
56 69
56 78
56 79
56 84
56 85
56 87
56 92
56 93
56 95
57 2
57 4
57 5
57 8
57 10
57 12
57 13
57 14
57 16
57 20
57 21
57 22
57 23
57 26
57 27
57 29
57 30
57 32
57 33
57 34
57 36
57 40
57 42
57 45
57 48
57 49
57 51
57 53
57 54
57 55
57 58
57 63
57 64
57 66
57 67
57 69
57 70
57 73
57 77
57 78
57 79
57 81
57 85
57 86
57 88
57 92
57 93
57 94
58 1
58 2
58 8
58 11
58 15
58 21
58 23
58 28
58 29
58 30
58 32
58 37
58 39
58 41
58 43
58 44
58 45
58 47
58 49
58 54
58 57
58 59
58 61
58 62
58 65
58 66
58 70
58 71
58 76
58 77
58 80
58 81
58 82
58 83
58 84
58 88
58 91
58 92
58 93
58 95
58 96
58 97
58 98
59 1
59 2
59 4
59 5
59 6
59 8
59 9
59 11
59 12
59 13
59 14
59 15
59 16
59 18
59 21
59 24
59 25
59 28
59 31
59 36
59 37
59 38
59 39
59 41
59 42
59 44
59 45
59 48
59 52
59 56
59 57
59 58
59 60
59 61
59 64
59 66
59 68
59 71
59 74
59 78
59 84
59 86
59 89
59 95
59 98
59 99
60 2
60 3
60 4
60 8
60 9
60 10
60 12
60 13
60 14
60 15
60 18
60 20
60 24
60 26
60 28
60 30
60 34
60 37
60 39
60 40
60 47
60 49
60 52
60 57
60 58
60 63
60 66
60 69
60 71
60 72
60 74
60 77
60 79
60 84
60 86
60 88
60 89
60 90
60 95
60 98
61 3
61 4
61 7
61 10
61 11
61 12
61 19
61 20
61 24
61 29
61 30
61 32
61 34
61 37
61 45
61 46
61 50
61 52
61 58
61 66
61 67
61 70
61 73
61 75
61 77
61 79
61 85
61 86
61 94
61 97
62 3
62 4
62 7
62 8
62 10
62 12
62 15
62 17
62 19
62 25
62 30
62 31
62 32
62 33
62 34
62 35
62 39
62 42
62 46
62 48
62 50
62 53
62 55
62 63
62 64
62 76
62 78
62 79
62 80
62 82
62 84
62 85
62 90
62 91
62 93
62 96
62 99
63 1
63 3
63 4
63 7
63 12
63 13
63 15
63 16
63 19
63 20
63 27
63 28
63 29
63 38
63 42
63 44
63 51
63 55
63 56
63 58
63 61
63 66
63 68
63 69
63 70
63 75
63 77
63 78
63 80
63 83
63 85
63 87
63 93
63 94
63 95
63 97
63 99
64 1
64 4
64 7
64 9
64 10
64 11
64 13
64 17
64 22
64 23
64 24
64 25
64 26
64 27
64 29
64 33
64 34
64 35
64 37
64 38
64 42
64 45
64 46
64 51
64 52
64 53
64 55
64 61
64 66
64 69
64 73
64 75
64 76
64 78
64 80
64 82
64 84
64 85
64 87
64 94
64 98
64 99
65 1
65 3
65 8
65 9
65 10
65 12
65 13
65 14
65 16
65 17
65 20
65 22
65 23
65 28
65 31
65 43
65 45
65 46
65 48
65 51
65 53
65 57
65 60
65 67
65 68
65 69
65 71
65 72
65 73
65 75
65 80
65 85
65 89
65 93
65 94
66 1
66 5
66 7
66 8
66 9
66 10
66 12
66 13
66 14
66 15
66 22
66 23
66 27
66 29
66 38
66 39
66 40
66 42
66 43
66 44
66 45
66 55
66 59
66 64
66 72
66 76
66 78
66 81
66 87
66 88
66 89
66 91
66 92
66 94
66 95
66 98
67 3
67 5
67 6
67 8
67 9
67 11
67 14
67 15
67 17
67 19
67 25
67 27
67 28
67 36
67 37
67 39
67 45
67 46
67 48
67 49
67 50
67 52
67 55
67 62
67 65
67 69
67 75
67 76
67 80
67 81
67 82
67 83
67 84
67 86
67 89
67 92
67 98
68 2
68 7
68 8
68 9
68 18
68 19
68 20
68 23
68 25
68 29
68 34
68 35
68 40
68 46
68 47
68 49
68 52
68 53
68 55
68 56
68 58
68 59
68 66
68 69
68 70
68 71
68 72
68 75
68 76
68 80
68 85
68 92
68 93
68 95
68 96
68 98
68 99
69 2
69 3
69 5
69 8
69 9
69 14
69 15
69 17
69 18
69 19
69 20
69 25
69 26
69 28
69 30
69 35
69 36
69 39
69 42
69 45
69 46
69 49
69 51
69 53
69 55
69 56
69 58
69 59
69 62
69 63
69 65
69 71
69 82
69 86
69 89
69 91
69 92
69 93
69 94
69 95
70 3
70 4
70 8
70 10
70 16
70 21
70 22
70 25
70 26
70 27
70 30
70 33
70 34
70 35
70 36
70 40
70 48
70 49
70 51
70 52
70 53
70 54
70 58
70 60
70 61
70 62
70 63
70 66
70 69
70 76
70 77
70 78
70 80
70 81
70 83
70 85
70 86
70 89
70 90
70 93
70 97
70 98
70 99
71 6
71 7
71 8
71 9
71 10
71 13
71 17
71 19
71 26
71 29
71 30
71 31
71 37
71 39
71 43
71 45
71 46
71 50
71 53
71 55
71 56
71 60
71 61
71 64
71 67
71 70
71 73
71 74
71 76
71 80
71 89
71 93
71 94
71 96
72 3
72 5
72 6
72 12
72 15
72 16
72 17
72 18
72 19
72 20
72 26
72 28
72 29
72 32
72 33
72 45
72 46
72 47
72 48
72 52
72 53
72 56
72 58
72 59
72 60
72 70
72 75
72 77
72 78
72 79
72 82
72 83
72 84
72 92
72 93
72 98
73 2
73 3
73 6
73 9
73 11
73 12
73 14
73 15
73 17
73 20
73 24
73 28
73 30
73 34
73 38
73 39
73 40
73 44
73 50
73 58
73 62
73 69
73 70
73 71
73 72
73 74
73 76
73 78
73 80
73 81
73 85
73 89
73 91
73 93
73 97
73 98
73 99
74 2
74 8
74 9
74 13
74 14
74 21
74 22
74 23
74 24
74 25
74 26
74 28
74 29
74 34
74 36
74 37
74 42
74 44
74 45
74 46
74 49
74 55
74 56
74 59
74 60
74 62
74 63
74 64
74 65
74 71
74 72
74 77
74 82
74 85
74 86
74 87
74 91
74 92
74 93
74 96
74 97
74 98
74 99
75 2
75 5
75 14
75 16
75 17
75 19
75 22
75 25
75 26
75 27
75 28
75 29
75 30
75 31
75 33
75 36
75 40
75 41
75 42
75 44
75 45
75 47
75 48
75 51
75 52
75 53
75 57
75 58
75 59
75 61
75 63
75 66
75 67
75 69
75 76
75 80
75 81
75 87
75 89
75 90
75 91
75 92
75 95
76 2
76 4
76 5
76 6
76 7
76 9
76 10
76 11
76 13
76 14
76 15
76 16
76 17
76 18
76 22
76 23
76 24
76 28
76 29
76 31
76 32
76 33
76 34
76 35
76 37
76 39
76 40
76 44
76 49
76 52
76 56
76 57
76 62
76 64
76 66
76 72
76 73
76 82
76 83
76 90
76 92
76 96
77 1
77 2
77 3
77 7
77 10
77 12
77 13
77 14
77 16
77 17
77 18
77 21
77 24
77 28
77 33
77 35
77 40
77 41
77 42
77 44
77 45
77 48
77 49
77 54
77 55
77 56
77 60
77 62
77 65
77 66
77 67
77 68
77 73
77 76
77 79
77 80
77 83
77 84
77 85
77 86
77 89
77 96
77 99
78 1
78 3
78 4
78 6
78 7
78 8
78 10
78 11
78 13
78 14
78 17
78 21
78 22
78 26
78 27
78 31
78 34
78 36
78 37
78 38
78 40
78 41
78 43
78 44
78 52
78 54
78 61
78 63
78 64
78 65
78 66
78 67
78 68
78 69
78 70
78 71
78 72
78 76
78 81
78 90
78 91
78 93
78 98
78 99
79 2
79 3
79 5
79 7
79 9
79 11
79 12
79 16
79 18
79 21
79 25
79 26
79 28
79 34
79 38
79 42
79 44
79 46
79 48
79 57
79 59
79 65
79 67
79 68
79 70
79 72
79 73
79 75
79 76
79 81
79 82
79 85
79 86
79 87
79 89
79 91
79 94
79 99
80 6
80 7
80 8
80 11
80 15
80 16
80 17
80 18
80 19
80 26
80 34
80 35
80 36
80 41
80 43
80 44
80 45
80 51
80 52
80 53
80 54
80 55
80 58
80 66
80 67
80 68
80 69
80 70
80 71
80 77
80 78
80 83
80 85
80 88
80 89
80 90
80 98
80 99
81 1
81 7
81 11
81 13
81 14
81 15
81 17
81 18
81 20
81 22
81 27
81 30
81 31
81 32
81 33
81 34
81 35
81 37
81 41
81 43
81 49
81 51
81 56
81 59
81 62
81 65
81 70
81 71
81 73
81 76
81 77
81 80
81 84
81 85
81 86
81 90
81 94
81 95
81 96
81 97
82 1
82 10
82 12
82 13
82 15
82 16
82 17
82 18
82 19
82 29
82 30
82 33
82 38
82 39
82 41
82 42
82 44
82 45
82 47
82 48
82 49
82 50
82 51
82 54
82 55
82 58
82 62
82 64
82 65
82 66
82 69
82 76
82 79
82 80
82 81
82 83
82 90
82 95
82 99
83 4
83 5
83 9
83 10
83 13
83 14
83 17
83 24
83 25
83 27
83 29
83 32
83 38
83 40
83 41
83 44
83 45
83 49
83 58
83 61
83 64
83 65
83 67
83 69
83 70
83 71
83 72
83 73
83 74
83 75
83 77
83 79
83 80
83 91
83 93
83 95
83 97
83 98
84 1
84 2
84 3
84 4
84 5
84 6
84 7
84 8
84 10
84 11
84 12
84 15
84 16
84 18
84 19
84 20
84 23
84 25
84 33
84 34
84 35
84 36
84 37
84 38
84 41
84 43
84 45
84 47
84 48
84 50
84 54
84 55
84 57
84 58
84 62
84 66
84 67
84 70
84 75
84 78
84 79
84 83
84 89
84 91
84 94
84 95
84 99
85 1
85 4
85 5
85 6
85 8
85 9
85 10
85 11
85 12
85 13
85 17
85 21
85 22
85 26
85 29
85 30
85 32
85 33
85 37
85 40
85 46
85 47
85 49
85 51
85 54
85 56
85 57
85 64
85 70
85 76
85 78
85 82
85 92
85 94
85 97
86 1
86 6
86 9
86 10
86 17
86 22
86 25
86 26
86 30
86 31
86 34
86 37
86 38
86 39
86 42
86 44
86 48
86 50
86 55
86 57
86 60
86 61
86 62
86 65
86 66
86 67
86 70
86 71
86 72
86 74
86 75
86 76
86 77
86 78
86 79
86 82
86 83
86 84
86 91
86 93
86 99
87 2
87 3
87 9
87 10
87 12
87 15
87 18
87 23
87 24
87 25
87 27
87 28
87 29
87 36
87 37
87 39
87 40
87 42
87 43
87 45
87 46
87 49
87 54
87 55
87 64
87 65
87 69
87 70
87 75
87 78
87 79
87 80
87 81
87 82
87 86
87 89
87 90
87 93
87 94
87 95
87 97
88 3
88 4
88 6
88 8
88 20
88 21
88 22
88 25
88 27
88 28
88 29
88 30
88 31
88 32
88 35
88 37
88 38
88 42
88 44
88 46
88 48
88 52
88 54
88 55
88 61
88 63
88 64
88 66
88 67
88 68
88 70
88 71
88 72
88 73
88 79
88 80
88 81
88 85
88 86
88 87
88 92
88 93
88 94
88 95
88 98
88 99
89 1
89 2
89 5
89 10
89 13
89 14
89 15
89 16
89 17
89 19
89 20
89 21
89 22
89 27
89 28
89 32
89 33
89 37
89 38
89 39
89 42
89 43
89 44
89 48
89 52
89 54
89 55
89 59
89 61
89 64
89 67
89 68
89 70
89 74
89 80
89 84
89 85
89 87
89 90
89 95
89 96
89 99
90 10
90 13
90 14
90 16
90 18
90 19
90 21
90 23
90 35
90 38
90 39
90 40
90 47
90 48
90 50
90 51
90 52
90 54
90 55
90 58
90 62
90 64
90 67
90 71
90 73
90 74
90 75
90 79
90 80
90 81
90 84
90 87
90 88
90 89
90 91
90 93
90 94
90 95
90 99
91 4
91 6
91 8
91 11
91 12
91 13
91 14
91 17
91 21
91 22
91 23
91 24
91 27
91 28
91 29
91 34
91 35
91 38
91 39
91 41
91 42
91 43
91 49
91 50
91 56
91 57
91 63
91 66
91 67
91 72
91 73
91 78
91 79
91 80
91 81
91 84
91 85
91 88
91 89
91 90
91 92
91 95
91 99
92 3
92 4
92 5
92 6
92 8
92 10
92 13
92 17
92 18
92 19
92 21
92 25
92 27
92 28
92 33
92 34
92 38
92 39
92 43
92 44
92 51
92 53
92 56
92 58
92 64
92 65
92 69
92 70
92 71
92 72
92 75
92 79
92 80
92 82
92 83
92 84
92 86
92 95
92 97
93 1
93 2
93 5
93 10
93 12
93 15
93 22
93 24
93 26
93 30
93 35
93 37
93 39
93 41
93 43
93 45
93 48
93 51
93 54
93 57
93 60
93 65
93 68
93 70
93 71
93 73
93 74
93 75
93 76
93 85
93 89
93 90
93 95
94 1
94 3
94 4
94 5
94 6
94 9
94 10
94 12
94 13
94 15
94 17
94 19
94 21
94 23
94 24
94 25
94 26
94 27
94 28
94 29
94 34
94 37
94 38
94 39
94 40
94 44
94 48
94 51
94 55
94 59
94 60
94 61
94 63
94 64
94 65
94 67
94 68
94 70
94 71
94 72
94 74
94 75
94 76
94 77
94 79
94 80
94 82
94 83
94 85
94 87
94 88
94 89
94 90
94 91
94 93
94 95
94 96
95 1
95 3
95 9
95 15
95 16
95 21
95 24
95 26
95 27
95 28
95 29
95 31
95 32
95 33
95 35
95 37
95 38
95 42
95 43
95 44
95 45
95 47
95 51
95 53
95 57
95 58
95 60
95 65
95 66
95 67
95 72
95 74
95 76
95 78
95 79
95 80
95 81
95 82
95 83
95 87
95 90
95 91
95 92
95 99
96 7
96 8
96 18
96 19
96 21
96 24
96 32
96 34
96 35
96 41
96 42
96 44
96 46
96 47
96 50
96 55
96 59
96 60
96 62
96 67
96 71
96 76
96 78
96 79
96 82
96 84
96 86
96 88
96 89
96 92
96 95
96 97
96 98
97 1
97 2
97 5
97 6
97 8
97 9
97 12
97 13
97 14
97 15
97 19
97 20
97 25
97 29
97 34
97 41
97 42
97 43
97 44
97 46
97 47
97 49
97 51
97 52
97 54
97 55
97 56
97 57
97 61
97 64
97 71
97 72
97 74
97 76
97 79
97 81
97 85
97 86
97 87
97 88
97 89
97 91
97 92
97 93
97 98
98 8
98 9
98 11
98 14
98 15
98 17
98 22
98 29
98 31
98 35
98 37
98 38
98 40
98 41
98 45
98 47
98 48
98 54
98 55
98 56
98 60
98 62
98 63
98 65
98 66
98 71
98 74
98 75
98 78
98 81
98 82
98 83
98 87
98 90
98 91
98 94
98 95
98 99
99 2
99 4
99 5
99 8
99 12
99 13
99 14
99 17
99 19
99 20
99 21
99 23
99 24
99 28
99 29
99 33
99 34
99 36
99 46
99 47
99 51
99 52
99 56
99 57
99 59
99 62
99 68
99 69
99 72
99 73
99 74
99 75
99 76
99 79
99 81
99 82
99 87
99 91
99 93
99 96
99 97
