99
4838
1 3
1 6
1 9
1 10
1 13
1 14
1 21
1 23
1 24
1 25
1 27
1 33
1 37
1 38
1 41
1 42
1 43
1 44
1 46
1 49
1 51
1 53
1 54
1 55
1 58
1 60
1 65
1 67
1 70
1 71
1 72
1 73
1 80
1 82
1 85
1 86
1 88
1 89
1 93
1 96
1 98
2 1
2 8
2 10
2 13
2 19
2 20
2 22
2 26
2 27
2 28
2 32
2 33
2 35
2 37
2 38
2 39
2 43
2 46
2 47
2 49
2 51
2 52
2 53
2 54
2 56
2 58
2 61
2 65
2 66
2 68
2 76
2 79
2 80
2 81
2 82
2 83
2 84
2 85
2 86
2 88
2 90
2 92
2 94
2 96
2 97
3 1
3 4
3 5
3 6
3 7
3 9
3 10
3 15
3 16
3 18
3 19
3 23
3 25
3 26
3 27
3 28
3 31
3 32
3 33
3 34
3 35
3 40
3 42
3 44
3 46
3 50
3 54
3 55
3 57
3 58
3 60
3 61
3 64
3 65
3 66
3 67
3 69
3 70
3 72
3 76
3 78
3 79
3 82
3 84
3 87
3 88
3 93
3 94
3 96
3 97
3 99
4 3
4 7
4 8
4 9
4 10
4 11
4 12
4 14
4 15
4 18
4 20
4 21
4 22
4 25
4 26
4 27
4 28
4 30
4 31
4 32
4 33
4 34
4 35
4 37
4 38
4 39
4 42
4 44
4 46
4 47
4 51
4 54
4 58
4 62
4 65
4 66
4 67
4 72
4 73
4 75
4 81
4 82
4 83
4 84
4 87
4 92
4 93
4 99
5 2
5 3
5 4
5 8
5 9
5 10
5 11
5 12
5 13
5 14
5 16
5 21
5 23
5 24
5 29
5 32
5 36
5 38
5 40
5 43
5 45
5 46
5 53
5 57
5 58
5 59
5 61
5 62
5 63
5 65
5 66
5 68
5 69
5 72
5 75
5 76
5 80
5 81
5 83
5 84
5 85
5 87
5 88
5 93
5 96
5 97
5 99
6 1
6 2
6 7
6 9
6 11
6 15
6 19
6 20
6 28
6 29
6 31
6 32
6 36
6 38
6 39
6 40
6 41
6 43
6 44
6 46
6 47
6 49
6 53
6 55
6 60
6 63
6 64
6 66
6 67
6 68
6 69
6 71
6 72
6 73
6 75
6 78
6 83
6 85
6 95
6 97
7 1
7 2
7 3
7 6
7 8
7 9
7 10
7 12
7 14
7 15
7 17
7 20
7 26
7 27
7 28
7 29
7 30
7 32
7 33
7 34
7 36
7 38
7 39
7 41
7 43
7 44
7 47
7 48
7 51
7 53
7 54
7 55
7 56
7 58
7 59
7 60
7 62
7 63
7 66
7 69
7 71
7 72
7 74
7 75
7 79
7 81
7 84
7 85
7 86
7 88
7 89
7 90
7 92
7 93
7 95
7 96
7 97
7 98
8 1
8 5
8 7
8 9
8 12
8 13
8 17
8 19
8 24
8 27
8 29
8 30
8 31
8 33
8 34
8 35
8 36
8 37
8 39
8 42
8 44
8 46
8 47
8 48
8 50
8 51
8 52
8 55
8 56
8 62
8 66
8 68
8 69
8 70
8 71
8 74
8 75
8 77
8 86
8 87
8 89
8 90
8 91
8 92
8 94
8 97
8 98
9 1
9 3
9 5
9 7
9 12
9 13
9 14
9 16
9 17
9 18
9 19
9 20
9 21
9 27
9 29
9 31
9 33
9 34
9 35
9 37
9 39
9 40
9 43
9 44
9 46
9 47
9 51
9 52
9 55
9 57
9 59
9 60
9 61
9 62
9 63
9 64
9 65
9 66
9 68
9 74
9 75
9 77
9 78
9 82
9 83
9 84
9 85
9 86
9 87
9 88
9 94
9 98
9 99
10 1
10 3
10 8
10 11
10 13
10 21
10 24
10 26
10 28
10 30
10 32
10 34
10 39
10 40
10 41
10 44
10 45
10 46
10 49
10 50
10 58
10 60
10 62
10 64
10 65
10 67
10 70
10 71
10 73
10 75
10 76
10 77
10 78
10 79
10 83
10 85
10 87
10 88
10 89
10 91
10 92
10 94
10 96
10 97
10 99
11 1
11 3
11 4
11 6
11 7
11 9
11 10
11 13
11 15
11 16
11 17
11 18
11 19
11 21
11 22
11 23
11 24
11 26
11 27
11 28
11 29
11 35
11 37
11 38
11 39
11 41
11 42
11 47
11 48
11 50
11 51
11 52
11 53
11 57
11 58
11 61
11 62
11 63
11 65
11 66
11 67
11 68
11 71
11 73
11 74
11 77
11 78
11 80
11 83
11 87
11 89
11 91
11 95
11 96
11 97
11 98
11 99
12 1
12 3
12 5
12 7
12 9
12 10
12 13
12 14
12 15
12 17
12 20
12 21
12 22
12 23
12 24
12 25
12 26
12 27
12 29
12 30
12 33
12 37
12 39
12 43
12 44
12 46
12 47
12 50
12 51
12 53
12 57
12 58
12 59
12 63
12 65
12 66
12 67
12 71
12 73
12 75
12 76
12 77
12 79
12 80
12 81
12 83
12 84
12 85
12 88
12 90
12 91
12 92
12 95
12 96
12 97
12 99
13 3
13 5
13 6
13 9
13 12
13 14
13 19
13 25
13 27
13 30
13 31
13 32
13 33
13 40
13 41
13 42
13 43
13 45
13 47
13 54
13 55
13 58
13 60
13 63
13 65
13 66
13 69
13 71
13 74
13 75
13 76
13 78
13 79
13 84
13 85
13 90
13 92
13 94
13 95
13 97
13 98
14 2
14 3
14 4
14 10
14 11
14 17
14 18
14 19
14 20
14 25
14 26
14 27
14 29
14 30
14 32
14 35
14 36
14 42
14 43
14 44
14 45
14 46
14 47
14 49
14 50
14 52
14 58
14 59
14 60
14 64
14 65
14 67
14 69
14 70
14 72
14 73
14 74
14 75
14 76
14 78
14 82
14 83
14 85
14 87
14 88
14 89
14 90
14 91
14 92
14 95
15 1
15 3
15 4
15 6
15 7
15 10
15 11
15 17
15 18
15 20
15 22
15 23
15 24
15 26
15 28
15 29
15 31
15 32
15 33
15 35
15 36
15 38
15 41
15 42
15 43
15 44
15 46
15 47
15 50
15 51
15 53
15 55
15 56
15 58
15 59
15 61
15 63
15 69
15 71
15 75
15 77
15 80
15 81
15 82
15 83
15 85
15 88
15 90
15 93
15 98
15 99
16 1
16 5
16 6
16 7
16 9
16 14
16 17
16 19
16 20
16 22
16 23
16 24
16 25
16 26
16 27
16 28
16 30
16 31
16 32
16 34
16 35
16 36
16 38
16 39
16 40
16 41
16 42
16 43
16 44
16 45
16 47
16 53
16 56
16 58
16 60
16 61
16 62
16 64
16 67
16 70
16 72
16 73
16 75
16 76
16 77
16 78
16 79
16 82
16 83
16 84
16 85
16 86
16 87
16 88
16 90
16 91
16 93
16 96
16 98
17 1
17 3
17 4
17 5
17 6
17 11
17 13
17 14
17 16
17 18
17 20
17 21
17 22
17 25
17 26
17 28
17 30
17 31
17 32
17 34
17 35
17 37
17 39
17 41
17 42
17 43
17 45
17 47
17 48
17 50
17 51
17 54
17 55
17 57
17 58
17 61
17 62
17 64
17 65
17 69
17 73
17 75
17 76
17 77
17 78
17 79
17 81
17 82
17 85
17 87
17 92
17 93
17 94
17 95
17 97
17 99
18 1
18 9
18 10
18 14
18 16
18 17
18 22
18 23
18 24
18 30
18 35
18 37
18 38
18 41
18 42
18 49
18 50
18 52
18 53
18 56
18 57
18 58
18 61
18 62
18 65
18 69
18 71
18 72
18 73
18 75
18 79
18 81
18 82
18 86
18 87
18 88
18 89
18 91
18 93
18 95
18 96
19 3
19 4
19 5
19 7
19 13
19 21
19 23
19 24
19 28
19 31
19 34
19 40
19 45
19 47
19 48
19 49
19 52
19 53
19 54
19 55
19 56
19 57
19 58
19 65
19 69
19 70
19 73
19 74
19 75
19 76
19 77
19 78
19 79
19 81
19 83
19 85
19 86
19 88
19 92
19 94
19 96
19 98
19 99
20 1
20 3
20 4
20 8
20 10
20 11
20 12
20 14
20 16
20 17
20 18
20 21
20 23
20 24
20 25
20 26
20 28
20 29
20 34
20 35
20 36
20 37
20 39
20 40
20 41
20 42
20 46
20 48
20 51
20 54
20 56
20 57
20 63
20 64
20 66
20 69
20 70
20 73
20 74
20 80
20 82
20 87
20 88
20 89
20 91
20 92
20 94
20 98
21 2
21 4
21 7
21 8
21 9
21 10
21 13
21 14
21 17
21 18
21 20
21 23
21 24
21 25
21 26
21 28
21 30
21 31
21 32
21 33
21 34
21 35
21 38
21 40
21 41
21 43
21 44
21 46
21 48
21 49
21 51
21 56
21 57
21 61
21 62
21 65
21 68
21 70
21 71
21 72
21 73
21 74
21 75
21 77
21 78
21 79
21 80
21 84
21 90
21 93
21 94
21 95
21 96
21 97
22 1
22 2
22 3
22 4
22 5
22 9
22 10
22 13
22 15
22 17
22 18
22 19
22 21
22 24
22 27
22 31
22 32
22 34
22 35
22 36
22 37
22 41
22 43
22 44
22 49
22 50
22 51
22 52
22 53
22 54
22 58
22 59
22 60
22 65
22 67
22 68
22 69
22 70
22 71
22 72
22 73
22 74
22 77
22 81
22 83
22 84
22 85
22 86
22 87
22 92
22 96
22 97
22 98
22 99
23 1
23 2
23 4
23 6
23 7
23 8
23 10
23 12
23 15
23 18
23 19
23 21
23 25
23 26
23 32
23 33
23 34
23 36
23 37
23 38
23 39
23 42
23 44
23 47
23 48
23 52
23 53
23 55
23 59
23 60
23 61
23 62
23 63
23 64
23 66
23 67
23 69
23 70
23 72
23 73
23 74
23 77
23 78
23 86
23 88
23 90
23 92
23 95
23 97
23 99
24 1
24 2
24 3
24 5
24 7
24 8
24 9
24 10
24 11
24 13
24 15
24 17
24 18
24 21
24 22
24 23
24 25
24 26
24 29
24 33
24 34
24 35
24 36
24 38
24 39
24 40
24 41
24 42
24 44
24 50
24 51
24 53
24 54
24 55
24 58
24 61
24 62
24 63
24 64
24 65
24 67
24 68
24 69
24 70
24 71
24 72
24 75
24 76
24 77
24 81
24 83
24 84
24 88
24 90
24 91
24 94
24 95
24 96
24 97
24 98
24 99
25 1
25 5
25 7
25 8
25 10
25 11
25 13
25 15
25 18
25 22
25 23
25 27
25 29
25 30
25 31
25 32
25 33
25 37
25 38
25 39
25 40
25 48
25 53
25 55
25 56
25 58
25 63
25 64
25 65
25 67
25 68
25 70
25 72
25 73
25 75
25 76
25 80
25 87
25 88
25 89
25 92
25 93
25 94
25 96
25 99
26 3
26 4
26 5
26 6
26 8
26 10
26 14
26 15
26 20
26 21
26 23
26 27
26 28
26 29
26 32
26 33
26 34
26 35
26 38
26 39
26 41
26 43
26 44
26 45
26 46
26 48
26 49
26 50
26 51
26 53
26 54
26 56
26 59
26 61
26 67
26 70
26 71
26 76
26 77
26 81
26 85
26 93
26 97
27 2
27 3
27 5
27 6
27 8
27 9
27 11
27 12
27 15
27 19
27 29
27 30
27 31
27 33
27 34
27 35
27 37
27 38
27 39
27 40
27 41
27 42
27 43
27 47
27 48
27 52
27 53
27 54
27 56
27 58
27 59
27 65
27 66
27 68
27 72
27 74
27 76
27 79
27 81
27 82
27 84
27 85
27 88
27 91
28 2
28 5
28 6
28 7
28 8
28 9
28 10
28 11
28 12
28 13
28 14
28 15
28 16
28 17
28 20
28 23
28 24
28 26
28 27
28 31
28 34
28 35
28 38
28 41
28 42
28 43
28 46
28 48
28 49
28 51
28 54
28 55
28 58
28 64
28 65
28 66
28 69
28 70
28 73
28 74
28 75
28 76
28 78
28 82
28 83
28 87
28 88
28 89
28 90
28 91
28 92
28 93
28 94
28 99
29 1
29 2
29 4
29 5
29 7
29 9
29 18
29 19
29 20
29 21
29 22
29 27
29 30
29 31
29 32
29 35
29 36
29 37
29 40
29 41
29 44
29 47
29 49
29 51
29 52
29 55
29 57
29 59
29 60
29 62
29 64
29 65
29 66
29 68
29 73
29 75
29 81
29 82
29 90
29 92
29 93
29 94
29 97
29 98
29 99
30 2
30 4
30 5
30 8
30 9
30 10
30 11
30 13
30 15
30 18
30 19
30 21
30 23
30 24
30 25
30 26
30 27
30 29
30 31
30 32
30 34
30 36
30 37
30 39
30 42
30 43
30 44
30 47
30 52
30 53
30 54
30 60
30 62
30 65
30 66
30 68
30 69
30 71
30 72
30 75
30 76
30 80
30 81
30 83
30 84
30 86
30 87
30 92
30 93
30 96
30 98
30 99
31 1
31 2
31 3
31 8
31 11
31 12
31 14
31 15
31 17
31 21
31 23
31 24
31 25
31 26
31 27
31 33
31 34
31 36
31 37
31 39
31 40
31 43
31 44
31 46
31 47
31 48
31 49
31 51
31 52
31 54
31 55
31 60
31 61
31 64
31 67
31 70
31 71
31 75
31 76
31 78
31 80
31 85
31 86
31 88
31 89
31 91
31 92
31 94
31 95
31 96
31 97
32 2
32 3
32 4
32 5
32 7
32 10
32 11
32 12
32 13
32 14
32 15
32 17
32 21
32 25
32 26
32 30
32 35
32 36
32 38
32 40
32 44
32 45
32 46
32 48
32 50
32 51
32 53
32 56
32 57
32 59
32 60
32 62
32 64
32 65
32 75
32 77
32 81
32 84
32 85
32 86
32 87
32 89
32 90
32 97
32 99
33 1
33 3
33 4
33 5
33 7
33 8
33 10
33 11
33 12
33 14
33 15
33 17
33 22
33 26
33 27
33 28
33 30
33 32
33 34
33 35
33 38
33 41
33 43
33 44
33 45
33 47
33 49
33 54
33 56
33 57
33 59
33 63
33 65
33 66
33 68
33 69
33 70
33 71
33 75
33 76
33 77
33 80
33 83
33 84
33 86
33 87
33 88
33 89
33 90
33 92
33 94
33 95
33 97
33 98
33 99
34 3
34 6
34 7
34 9
34 10
34 13
34 16
34 18
34 21
34 22
34 23
34 25
34 26
34 28
34 31
34 32
34 37
34 40
34 41
34 42
34 43
34 44
34 46
34 47
34 50
34 51
34 53
34 55
34 56
34 57
34 58
34 62
34 63
34 65
34 67
34 69
34 70
34 71
34 72
34 74
34 75
34 76
34 77
34 78
34 79
34 80
34 84
34 86
34 90
34 91
34 97
35 1
35 2
35 3
35 5
35 11
35 14
35 15
35 16
35 17
35 18
35 19
35 20
35 21
35 22
35 24
35 25
35 26
35 29
35 31
35 32
35 36
35 37
35 41
35 43
35 44
35 46
35 47
35 48
35 49
35 52
35 53
35 54
35 56
35 57
35 59
35 61
35 63
35 68
35 70
35 71
35 72
35 73
35 74
35 75
35 76
35 80
35 82
35 84
35 88
35 90
35 93
35 94
35 98
36 3
36 10
36 13
36 15
36 17
36 19
36 20
36 21
36 24
36 25
36 27
36 28
36 30
36 31
36 32
36 34
36 35
36 37
36 38
36 40
36 41
36 43
36 44
36 55
36 56
36 57
36 60
36 61
36 63
36 64
36 69
36 70
36 71
36 72
36 73
36 77
36 78
36 79
36 83
36 84
36 86
36 88
36 89
36 90
36 91
36 95
36 99
37 1
37 3
37 10
37 11
37 13
37 15
37 18
37 21
37 22
37 24
37 25
37 27
37 31
37 32
37 35
37 36
37 40
37 43
37 45
37 46
37 49
37 50
37 51
37 52
37 53
37 54
37 55
37 57
37 59
37 60
37 62
37 65
37 67
37 68
37 70
37 72
37 77
37 78
37 81
37 85
37 89
37 90
37 91
37 92
37 94
37 96
37 98
37 99
38 1
38 4
38 10
38 12
38 18
38 19
38 22
38 23
38 24
38 26
38 28
38 36
38 37
38 39
38 40
38 41
38 47
38 50
38 51
38 53
38 56
38 57
38 61
38 63
38 64
38 67
38 71
38 72
38 74
38 77
38 80
38 81
38 82
38 85
38 87
38 88
38 89
38 91
38 92
38 93
38 95
38 96
38 97
38 98
38 99
39 2
39 4
39 6
39 8
39 11
39 18
39 19
39 20
39 24
39 25
39 26
39 29
39 30
39 32
39 33
39 35
39 36
39 38
39 40
39 41
39 42
39 43
39 46
39 48
39 49
39 50
39 51
39 52
39 53
39 55
39 56
39 58
39 62
39 65
39 67
39 72
39 75
39 77
39 79
39 80
39 81
39 83
39 87
39 90
39 91
39 93
39 96
39 97
39 98
40 5
40 6
40 8
40 12
40 13
40 18
40 24
40 26
40 30
40 31
40 35
40 37
40 39
40 41
40 44
40 48
40 49
40 54
40 55
40 56
40 58
40 60
40 62
40 65
40 66
40 69
40 70
40 72
40 73
40 74
40 77
40 79
40 81
40 82
40 83
40 87
40 92
40 93
40 96
41 2
41 3
41 4
41 8
41 11
41 12
41 13
41 15
41 17
41 18
41 19
41 20
41 21
41 25
41 26
41 27
41 30
41 31
41 33
41 34
41 36
41 37
41 38
41 39
41 42
41 47
41 51
41 52
41 54
41 55
41 57
41 59
41 62
41 66
41 67
41 68
41 69
41 70
41 71
41 76
41 79
41 85
41 87
41 89
41 93
41 96
41 97
41 98
42 2
42 6
42 7
42 8
42 10
42 13
42 14
42 15
42 16
42 19
42 21
42 22
42 27
42 29
42 30
42 31
42 34
42 35
42 36
42 38
42 41
42 44
42 46
42 47
42 48
42 49
42 51
42 53
42 54
42 58
42 59
42 63
42 65
42 66
42 68
42 72
42 73
42 74
42 77
42 78
42 80
42 81
42 82
42 88
42 90
42 91
42 95
42 97
43 1
43 2
43 6
43 7
43 8
43 10
43 11
43 13
43 14
43 15
43 18
43 21
43 24
43 30
43 32
43 33
43 34
43 35
43 36
43 37
43 44
43 46
43 47
43 48
43 54
43 56
43 57
43 61
43 64
43 67
43 68
43 70
43 71
43 72
43 73
43 75
43 76
43 77
43 78
43 81
43 82
43 83
43 84
43 86
43 88
43 89
43 92
43 95
43 97
43 99
44 3
44 5
44 9
44 10
44 11
44 12
44 13
44 14
44 16
44 19
44 21
44 22
44 24
44 26
44 29
44 32
44 33
44 34
44 38
44 41
44 42
44 43
44 46
44 47
44 50
44 51
44 52
44 56
44 61
44 64
44 65
44 66
44 68
44 69
44 70
44 71
44 76
44 78
44 79
44 80
44 81
44 82
44 83
44 85
44 87
44 88
44 91
44 92
44 96
44 98
45 3
45 4
45 5
45 10
45 13
45 15
45 17
45 18
45 19
45 22
45 24
45 27
45 28
45 29
45 32
45 33
45 34
45 36
45 37
45 38
45 41
45 42
45 43
45 48
45 50
45 51
45 53
45 54
45 57
45 59
45 60
45 61
45 62
45 63
45 66
45 67
45 69
45 71
45 73
45 75
45 77
45 79
45 80
45 85
45 86
45 88
45 89
45 90
45 92
45 93
45 94
45 95
45 96
45 97
45 98
46 1
46 3
46 5
46 8
46 11
46 13
46 17
46 19
46 20
46 21
46 22
46 24
46 25
46 28
46 30
46 33
46 34
46 35
46 36
46 37
46 39
46 40
46 41
46 43
46 50
46 51
46 55
46 56
46 57
46 58
46 60
46 61
46 62
46 63
46 64
46 65
46 67
46 68
46 70
46 83
46 84
46 86
46 87
46 89
46 90
46 91
46 92
46 95
47 1
47 2
47 7
47 8
47 9
47 11
47 12
47 14
47 20
47 21
47 24
47 25
47 28
47 29
47 30
47 31
47 34
47 35
47 38
47 39
47 40
47 44
47 45
47 46
47 52
47 56
47 60
47 61
47 66
47 67
47 70
47 71
47 75
47 77
47 79
47 81
47 82
47 84
47 88
47 90
47 92
47 93
47 94
47 95
47 99
48 1
48 3
48 4
48 5
48 7
48 10
48 11
48 16
48 17
48 19
48 20
48 22
48 23
48 24
48 28
48 31
48 33
48 35
48 36
48 39
48 40
48 42
48 43
48 44
48 45
48 47
48 49
48 50
48 52
48 54
48 55
48 57
48 59
48 62
48 63
48 65
48 66
48 70
48 71
48 73
48 76
48 78
48 79
48 82
48 84
48 85
48 86
48 87
48 88
48 89
48 90
48 91
48 92
48 99
49 1
49 2
49 5
49 6
49 7
49 8
49 12
49 15
49 16
49 17
49 20
49 21
49 23
49 25
49 26
49 27
49 28
49 30
49 31
49 33
49 35
49 37
49 41
49 45
49 47
49 48
49 51
49 52
49 58
49 59
49 60
49 63
49 64
49 70
49 72
49 73
49 74
49 80
49 81
49 84
49 85
49 86
49 90
49 93
49 94
49 95
49 96
49 98
49 99
50 3
50 5
50 6
50 9
50 14
50 17
50 18
50 19
50 20
50 23
50 24
50 26
50 27
50 28
50 30
50 31
50 32
50 33
50 35
50 38
50 39
50 40
50 42
50 43
50 44
50 45
50 46
50 47
50 49
50 51
50 52
50 53
50 55
50 56
50 60
50 61
50 62
50 64
50 66
50 67
50 69
50 71
50 72
50 73
50 77
50 78
50 79
50 81
50 82
50 85
50 87
50 88
50 92
50 93
50 94
50 95
50 96
50 99
51 2
51 3
51 4
51 5
51 6
51 12
51 13
51 14
51 17
51 20
51 22
51 25
51 30
51 32
51 33
51 35
51 36
51 37
51 38
51 39
51 40
51 41
51 42
51 44
51 45
51 47
51 49
51 54
51 55
51 57
51 59
51 63
51 66
51 68
51 70
51 71
51 72
51 75
51 77
51 79
51 81
51 83
51 86
51 88
51 90
51 93
51 95
51 97
51 98
51 99
52 3
52 4
52 6
52 7
52 8
52 9
52 10
52 12
52 14
52 19
52 21
52 22
52 29
52 31
52 33
52 35
52 36
52 37
52 38
52 39
52 41
52 43
52 44
52 45
52 46
52 48
52 58
52 59
52 62
52 63
52 67
52 73
52 74
52 75
52 77
52 79
52 80
52 82
52 83
52 87
52 88
52 90
52 91
52 92
52 93
52 95
52 98
52 99
53 2
53 4
53 6
53 8
53 12
53 13
53 14
53 16
53 18
53 20
53 22
53 23
53 24
53 26
53 28
53 29
53 32
53 33
53 36
53 37
53 40
53 42
53 49
53 55
53 61
53 62
53 63
53 65
53 66
53 67
53 68
53 69
53 71
53 72
53 74
53 77
53 80
53 83
53 84
53 86
53 87
53 89
53 91
53 92
53 94
53 95
53 98
54 4
54 6
54 8
54 11
54 12
54 13
54 15
54 17
54 18
54 19
54 23
54 24
54 28
54 31
54 36
54 37
54 38
54 39
54 40
54 43
54 45
54 49
54 51
54 52
54 53
54 56
54 57
54 62
54 64
54 68
54 70
54 71
54 73
54 76
54 77
54 78
54 83
54 84
54 86
54 87
54 88
54 91
54 96
54 98
55 1
55 2
55 5
55 6
55 7
55 9
55 13
55 14
55 15
55 16
55 17
55 18
55 22
55 23
55 27
55 30
55 32
55 39
55 40
55 41
55 42
55 52
55 54
55 56
55 57
55 60
55 61
55 65
55 66
55 68
55 71
55 73
55 74
55 75
55 76
55 77
55 80
55 82
55 83
55 87
55 89
55 94
55 95
55 96
55 97
55 99
56 1
56 2
56 3
56 4
56 5
56 9
56 10
56 15
56 17
56 18
56 21
56 22
56 23
56 25
56 26
56 29
56 31
56 32
56 33
56 34
56 35
56 38
56 46
56 47
56 48
56 51
56 52
56 53
56 55
56 61
56 62
56 64
56 65
56 67
56 69
56 70
56 73
56 74
56 76
56 77
56 78
56 80
56 82
56 83
56 84
56 85
56 88
56 92
56 94
56 97
57 4
57 6
57 8
57 10
57 11
57 12
57 14
57 15
57 16
57 17
57 19
57 20
57 21
57 24
57 25
57 27
57 28
57 29
57 30
57 34
57 35
57 36
57 37
57 38
57 40
57 42
57 45
57 50
57 53
57 55
57 58
57 59
57 64
57 66
57 68
57 71
57 73
57 76
57 78
57 81
57 82
57 85
57 86
57 87
57 88
57 89
57 90
57 91
57 96
57 97
57 99
58 1
58 4
58 5
58 7
58 9
58 10
58 16
58 25
58 26
58 27
58 29
58 31
58 32
58 33
58 34
58 35
58 36
58 37
58 38
58 42
58 43
58 44
58 45
58 48
58 49
58 51
58 52
58 54
58 55
58 56
58 57
58 59
58 61
58 64
58 65
58 67
58 69
58 70
58 71
58 72
58 73
58 77
58 79
58 83
58 84
58 85
58 87
58 90
58 92
58 94
58 95
58 96
58 97
58 98
59 1
59 4
59 6
59 7
59 8
59 9
59 10
59 13
59 15
59 16
59 18
59 19
59 20
59 22
59 28
59 36
59 42
59 43
59 48
59 50
59 51
59 54
59 61
59 62
59 63
59 65
59 66
59 70
59 71
59 72
59 75
59 83
59 84
59 86
59 87
59 88
59 89
59 90
59 94
59 98
60 7
60 8
60 9
60 11
60 12
60 17
60 19
60 20
60 22
60 23
60 28
60 29
60 31
60 32
60 34
60 36
60 39
60 40
60 44
60 45
60 49
60 50
60 53
60 56
60 58
60 62
60 65
60 66
60 69
60 71
60 74
60 78
60 79
60 83
60 84
60 85
60 86
60 90
60 91
60 93
60 95
60 96
61 3
61 4
61 5
61 6
61 9
61 12
61 17
61 18
61 20
61 24
61 25
61 26
61 32
61 33
61 35
61 39
61 40
61 41
61 44
61 46
61 47
61 49
61 51
61 56
61 57
61 62
61 65
61 66
61 67
61 71
61 72
61 73
61 76
61 79
61 80
61 81
61 82
61 83
61 84
61 85
61 86
61 89
61 92
61 94
61 97
61 98
62 1
62 4
62 6
62 8
62 9
62 10
62 12
62 13
62 14
62 17
62 19
62 20
62 23
62 25
62 26
62 27
62 28
62 29
62 31
62 32
62 33
62 36
62 41
62 42
62 44
62 48
62 52
62 53
62 54
62 55
62 58
62 59
62 60
62 63
62 66
62 69
62 70
62 72
62 73
62 75
62 76
62 77
62 81
62 83
62 86
62 91
62 92
62 93
62 95
62 96
62 97
62 98
62 99
63 2
63 3
63 6
63 7
63 9
63 10
63 12
63 13
63 14
63 15
63 16
63 17
63 18
63 19
63 20
63 23
63 24
63 26
63 33
63 35
63 36
63 37
63 41
63 42
63 43
63 44
63 46
63 47
63 49
63 50
63 52
63 53
63 58
63 62
63 64
63 67
63 69
63 70
63 74
63 76
63 77
63 79
63 80
63 81
63 82
63 84
63 86
63 87
63 88
63 90
63 92
63 95
63 96
63 97
63 98
63 99
64 1
64 2
64 3
64 6
64 7
64 9
64 12
64 13
64 15
64 16
64 17
64 20
64 21
64 22
64 23
64 24
64 27
64 28
64 30
64 31
64 33
64 34
64 37
64 40
64 41
64 42
64 43
64 45
64 46
64 47
64 52
64 53
64 56
64 57
64 61
64 63
64 65
64 66
64 69
64 70
64 72
64 76
64 77
64 80
64 83
64 86
64 89
64 90
64 91
64 92
64 93
64 94
64 96
64 98
64 99
65 1
65 2
65 3
65 4
65 6
65 7
65 8
65 9
65 13
65 15
65 16
65 19
65 20
65 23
65 25
65 26
65 27
65 28
65 30
65 31
65 32
65 36
65 37
65 38
65 42
65 43
65 50
65 51
65 57
65 59
65 60
65 61
65 62
65 63
65 64
65 66
65 68
65 70
65 71
65 73
65 74
65 75
65 76
65 80
65 91
65 92
65 94
65 97
65 98
65 99
66 1
66 3
66 4
66 5
66 9
66 10
66 14
66 15
66 17
66 20
66 21
66 22
66 23
66 26
66 27
66 28
66 29
66 30
66 32
66 33
66 36
66 37
66 39
66 41
66 42
66 43
66 44
66 46
66 50
66 51
66 52
66 54
66 57
66 59
66 62
66 67
66 68
66 70
66 71
66 73
66 74
66 75
66 78
66 80
66 82
66 86
66 87
66 88
66 90
66 91
66 93
66 97
67 3
67 7
67 8
67 12
67 13
67 14
67 15
67 20
67 23
67 24
67 25
67 26
67 27
67 28
67 29
67 30
67 32
67 35
67 36
67 37
67 39
67 40
67 41
67 42
67 44
67 46
67 51
67 54
67 55
67 58
67 63
67 64
67 65
67 66
67 68
67 69
67 70
67 72
67 73
67 76
67 77
67 78
67 79
67 82
67 84
67 86
67 87
67 88
67 92
67 93
67 94
67 95
67 98
68 3
68 5
68 6
68 7
68 8
68 10
68 11
68 14
68 15
68 16
68 17
68 18
68 19
68 20
68 28
68 29
68 31
68 32
68 35
68 38
68 41
68 44
68 46
68 47
68 48
68 49
68 50
68 51
68 55
68 57
68 59
68 61
68 62
68 63
68 67
68 70
68 72
68 74
68 76
68 77
68 79
68 82
68 83
68 84
68 85
68 87
68 89
68 91
68 92
68 97
68 98
69 1
69 3
69 4
69 6
69 7
69 8
69 11
69 15
69 17
69 18
69 19
69 21
69 23
69 29
69 36
69 38
69 39
69 40
69 41
69 42
69 43
69 48
69 49
69 50
69 51
69 52
69 53
69 56
69 57
69 59
69 60
69 61
69 63
69 64
69 65
69 70
69 71
69 80
69 85
69 88
69 89
69 91
69 92
69 95
69 96
69 97
69 99
70 2
70 3
70 4
70 5
70 7
70 11
70 12
70 13
70 14
70 15
70 16
70 17
70 18
70 19
70 21
70 23
70 28
70 32
70 33
70 35
70 36
70 39
70 40
70 42
70 44
70 50
70 52
70 53
70 56
70 59
70 60
70 63
70 64
70 66
70 72
70 73
70 74
70 75
70 76
70 82
70 85
70 88
70 91
70 93
70 94
70 95
70 96
70 97
70 98
70 99
71 1
71 4
71 5
71 6
71 9
71 12
71 14
71 16
71 18
71 20
71 21
71 22
71 23
71 24
71 26
71 27
71 30
71 33
71 34
71 37
71 40
71 41
71 44
71 49
71 51
71 52
71 54
71 55
71 56
71 58
71 59
71 61
71 63
71 66
71 72
71 73
71 77
71 81
71 82
71 83
71 89
71 91
71 92
71 94
71 95
71 98
71 99
72 1
72 2
72 3
72 6
72 11
72 13
72 14
72 15
72 16
72 19
72 20
72 21
72 22
72 26
72 27
72 28
72 31
72 32
72 36
72 40
72 41
72 43
72 46
72 48
72 50
72 53
72 54
72 60
72 63
72 65
72 67
72 75
72 77
72 78
72 80
72 81
72 84
72 85
72 87
72 88
72 89
72 92
72 93
72 94
72 95
72 96
73 1
73 3
73 4
73 5
73 7
73 8
73 10
73 12
73 14
73 15
73 16
73 18
73 20
73 21
73 22
73 23
73 26
73 29
73 30
73 32
73 33
73 35
73 36
73 40
73 41
73 44
73 47
73 49
73 50
73 53
73 56
73 58
73 61
73 62
73 64
73 67
73 70
73 71
73 74
73 75
73 76
73 77
73 78
73 81
73 83
73 86
73 88
73 90
73 91
73 94
73 95
73 96
73 97
74 1
74 2
74 3
74 4
74 6
74 8
74 10
74 11
74 12
74 15
74 16
74 19
74 22
74 23
74 24
74 25
74 27
74 32
74 37
74 38
74 41
74 43
74 45
74 46
74 47
74 48
74 53
74 54
74 55
74 57
74 59
74 60
74 61
74 64
74 65
74 68
74 72
74 73
74 79
74 82
74 84
74 86
74 93
74 95
74 96
74 99
75 1
75 4
75 7
75 8
75 9
75 10
75 12
75 13
75 14
75 17
75 18
75 19
75 20
75 21
75 23
75 25
75 26
75 28
75 31
75 34
75 38
75 39
75 40
75 42
75 46
75 49
75 51
75 55
75 56
75 57
75 60
75 63
75 64
75 66
75 71
75 76
75 79
75 81
75 85
75 88
75 90
75 91
75 92
75 94
75 96
75 97
75 98
76 1
76 2
76 5
76 8
76 12
76 14
76 16
76 18
76 21
76 23
76 24
76 27
76 29
76 30
76 33
76 34
76 35
76 39
76 41
76 42
76 45
76 48
76 50
76 51
76 52
76 53
76 57
76 58
76 59
76 60
76 61
76 65
76 67
76 68
76 70
76 71
76 72
76 74
76 75
76 77
76 82
76 84
76 85
76 87
76 88
76 89
76 90
76 95
76 97
76 99
77 3
77 4
77 6
77 9
77 12
77 13
77 14
77 16
77 19
77 23
77 24
77 25
77 29
77 30
77 32
77 33
77 35
77 36
77 38
77 39
77 40
77 42
77 43
77 45
77 49
77 50
77 52
77 53
77 54
77 55
77 56
77 57
77 58
77 59
77 60
77 61
77 62
77 63
77 65
77 67
77 68
77 69
77 74
77 76
77 80
77 82
77 83
77 84
77 85
77 89
77 91
77 93
77 98
77 99
78 3
78 4
78 5
78 10
78 12
78 14
78 18
78 23
78 26
78 30
78 31
78 32
78 36
78 37
78 38
78 39
78 46
78 49
78 50
78 52
78 53
78 57
78 58
78 61
78 62
78 64
78 66
78 67
78 71
78 73
78 74
78 75
78 79
78 80
78 86
78 89
78 91
78 92
78 93
78 94
78 96
78 97
78 99
79 11
79 14
79 16
79 20
79 21
79 23
79 25
79 29
79 31
79 34
79 37
79 38
79 42
79 43
79 46
79 52
79 54
79 56
79 57
79 64
79 65
79 66
79 69
79 72
79 75
79 77
79 78
79 81
79 82
79 86
79 87
79 90
79 92
79 93
79 94
79 95
79 97
79 98
80 3
80 9
80 10
80 12
80 16
80 17
80 19
80 20
80 21
80 22
80 24
80 25
80 27
80 29
80 31
80 32
80 33
80 34
80 36
80 37
80 39
80 40
80 41
80 45
80 46
80 49
80 52
80 53
80 56
80 59
80 62
80 64
80 66
80 67
80 69
80 70
80 71
80 72
80 75
80 78
80 83
80 84
80 85
80 89
80 90
80 91
80 92
80 96
80 97
80 98
80 99
81 1
81 2
81 8
81 9
81 11
81 12
81 13
81 15
81 16
81 20
81 23
81 24
81 25
81 26
81 27
81 28
81 29
81 31
81 32
81 33
81 34
81 37
81 38
81 41
81 42
81 43
81 44
81 46
81 49
81 52
81 53
81 55
81 57
81 58
81 59
81 60
81 61
81 64
81 65
81 66
81 67
81 68
81 69
81 70
81 71
81 74
81 75
81 77
81 78
81 80
81 83
81 84
81 85
81 87
81 89
81 90
81 92
81 93
81 96
81 97
82 3
82 5
82 8
82 9
82 11
82 12
82 14
82 16
82 17
82 19
82 21
82 23
82 25
82 28
82 34
82 36
82 38
82 39
82 42
82 44
82 46
82 47
82 48
82 49
82 50
82 51
82 54
82 60
82 63
82 66
82 67
82 68
82 69
82 70
82 71
82 74
82 76
82 77
82 80
82 81
82 84
82 87
82 91
82 93
82 95
82 98
82 99
83 1
83 2
83 3
83 5
83 8
83 9
83 12
83 16
83 17
83 19
83 21
83 23
83 24
83 25
83 29
83 30
83 33
83 36
83 39
83 41
83 44
83 48
83 51
83 54
83 55
83 60
83 62
83 64
83 65
83 67
83 68
83 69
83 71
83 73
83 77
83 78
83 79
83 80
83 82
83 84
83 86
83 90
83 97
83 99
84 1
84 2
84 3
84 4
84 5
84 7
84 9
84 14
84 16
84 17
84 18
84 19
84 20
84 22
84 23
84 26
84 27
84 28
84 30
84 33
84 34
84 35
84 36
84 38
84 39
84 40
84 43
84 45
84 49
84 55
84 56
84 58
84 60
84 61
84 62
84 63
84 65
84 66
84 69
84 71
84 73
84 76
84 79
84 80
84 83
84 85
84 86
84 88
84 89
84 90
84 92
84 93
84 94
85 1
85 4
85 5
85 6
85 8
85 11
85 12
85 15
85 17
85 18
85 20
85 23
85 24
85 25
85 26
85 28
85 30
85 31
85 34
85 36
85 37
85 39
85 41
85 43
85 49
85 50
85 52
85 53
85 55
85 58
85 60
85 64
85 65
85 67
85 70
85 75
85 76
85 78
85 83
85 88
85 89
85 91
85 93
85 94
85 97
85 99
86 2
86 3
86 4
86 5
86 6
86 7
86 8
86 12
86 13
86 14
86 15
86 20
86 23
86 24
86 25
86 26
86 27
86 28
86 30
86 31
86 35
86 36
86 39
86 42
86 43
86 44
86 47
86 49
86 50
86 52
86 53
86 55
86 57
86 58
86 59
86 60
86 61
86 62
86 63
86 64
86 65
86 66
86 70
86 71
86 72
86 74
86 77
86 78
86 81
86 82
86 83
86 84
86 87
86 89
86 93
86 94
86 97
86 98
87 2
87 3
87 4
87 5
87 9
87 10
87 12
87 13
87 14
87 16
87 17
87 18
87 19
87 21
87 22
87 24
87 25
87 26
87 29
87 30
87 34
87 35
87 39
87 40
87 44
87 46
87 47
87 48
87 49
87 50
87 53
87 54
87 56
87 59
87 61
87 62
87 63
87 64
87 67
87 69
87 70
87 71
87 74
87 77
87 79
87 80
87 83
87 84
87 85
87 89
87 90
87 91
87 95
88 1
88 2
88 3
88 4
88 5
88 6
88 8
88 10
88 12
88 16
88 17
88 18
88 19
88 20
88 22
88 23
88 24
88 26
88 27
88 29
88 31
88 33
88 35
88 36
88 42
88 43
88 45
88 47
88 50
88 52
88 58
88 59
88 61
88 64
88 65
88 66
88 67
88 68
88 69
88 71
88 72
88 73
88 78
88 79
88 81
88 82
88 83
88 84
88 87
88 90
88 91
88 95
88 97
88 99
89 1
89 5
89 6
89 9
89 12
89 16
89 17
89 19
89 23
89 24
89 26
89 27
89 31
89 32
89 34
89 36
89 38
89 40
89 41
89 42
89 45
89 49
89 50
89 51
89 54
89 55
89 57
89 58
89 59
89 60
89 62
89 64
89 67
89 68
89 73
89 77
89 80
89 84
89 90
89 92
89 93
89 94
89 95
89 97
89 98
89 99
90 1
90 3
90 4
90 7
90 12
90 13
90 14
90 17
90 19
90 20
90 21
90 22
90 23
90 25
90 26
90 27
90 28
90 30
90 31
90 35
90 39
90 40
90 41
90 46
90 49
90 50
90 51
90 53
90 54
90 58
90 61
90 62
90 63
90 64
90 66
90 70
90 77
90 80
90 82
90 83
90 84
90 85
90 88
90 97
90 98
91 5
91 6
91 7
91 9
91 10
91 12
91 13
91 14
91 16
91 17
91 23
91 24
91 27
91 29
91 30
91 34
91 36
91 37
91 38
91 40
91 41
91 45
91 46
91 47
91 48
91 51
91 54
91 56
91 59
91 64
91 65
91 67
91 68
91 70
91 72
91 73
91 74
91 75
91 77
91 79
91 82
91 83
91 85
91 86
91 89
91 93
91 96
91 97
91 99
92 2
92 4
92 5
92 6
92 7
92 8
92 9
92 14
92 17
92 20
92 21
92 23
92 24
92 26
92 28
92 29
92 34
92 36
92 40
92 41
92 44
92 45
92 50
92 52
92 53
92 54
92 57
92 58
92 59
92 60
92 61
92 62
92 63
92 67
92 68
92 69
92 70
92 75
92 78
92 80
92 83
92 85
92 89
92 91
92 95
92 96
92 98
93 1
93 3
93 6
93 7
93 8
93 11
93 12
93 14
93 15
93 17
93 19
93 20
93 21
93 22
93 23
93 29
93 30
93 31
93 33
93 34
93 37
93 40
93 41
93 42
93 43
93 44
93 45
93 49
93 50
93 52
93 53
93 56
93 58
93 60
93 62
93 66
93 71
93 74
93 75
93 77
93 78
93 79
93 81
93 82
93 83
93 84
93 86
93 87
93 88
93 90
93 96
93 97
93 98
93 99
94 1
94 6
94 7
94 8
94 10
94 11
94 12
94 15
94 18
94 19
94 23
94 24
94 25
94 29
94 31
94 34
94 40
94 43
94 45
94 48
94 49
94 50
94 52
94 54
94 63
94 64
94 65
94 67
94 69
94 74
94 75
94 83
94 85
94 86
94 91
94 92
94 95
94 97
94 98
94 99
95 3
95 7
95 9
95 10
95 13
95 19
95 21
95 22
95 23
95 25
95 26
95 27
95 30
95 31
95 32
95 35
95 36
95 39
95 40
95 41
95 42
95 44
95 45
95 46
95 52
95 53
95 57
95 59
95 60
95 62
95 63
95 66
95 69
95 70
95 77
95 78
95 79
95 80
95 82
95 88
95 89
95 93
95 94
95 96
95 98
95 99
96 2
96 5
96 6
96 7
96 9
96 10
96 11
96 12
96 13
96 15
96 16
96 22
96 25
96 31
96 32
96 33
96 35
96 36
96 37
96 39
96 41
96 43
96 49
96 50
96 54
96 55
96 56
96 59
96 60
96 61
96 62
96 66
96 67
96 68
96 69
96 73
96 74
96 79
96 81
96 82
96 83
96 87
96 88
96 91
96 92
96 93
96 97
97 1
97 2
97 3
97 7
97 12
97 13
97 15
97 19
97 22
97 23
97 24
97 29
97 34
97 35
97 38
97 41
97 42
97 45
97 46
97 50
97 51
97 53
97 54
97 56
97 60
97 63
97 74
97 76
97 78
97 80
97 81
97 82
97 84
97 91
97 93
97 94
97 95
97 98
98 1
98 2
98 11
98 12
98 13
98 18
98 19
98 20
98 23
98 25
98 27
98 28
98 35
98 38
98 40
98 41
98 43
98 44
98 45
98 46
98 53
98 57
98 58
98 59
98 60
98 62
98 64
98 69
98 70
98 71
98 75
98 80
98 82
98 87
98 89
98 95
98 96
99 1
99 3
99 4
99 13
99 15
99 18
99 19
99 23
99 24
99 32
99 34
99 36
99 38
99 43
99 45
99 47
99 49
99 50
99 51
99 52
99 53
99 54
99 55
99 57
99 62
99 64
99 65
99 66
99 67
99 68
99 69
99 71
99 72
99 74
99 75
99 76
99 77
99 82
99 84
99 85
99 87
99 89
99 91
99 92
99 93
99 94
99 97
