99
1863
1 3
1 9
1 29
1 37
1 39
1 45
1 47
1 55
1 58
1 65
1 73
1 90
2 4
2 5
2 7
2 11
2 14
2 16
2 17
2 34
2 37
2 39
2 41
2 45
2 51
2 55
2 57
2 58
2 60
2 65
2 80
2 83
2 84
2 91
3 1
3 5
3 16
3 18
3 21
3 28
3 33
3 38
3 53
3 65
3 75
3 77
3 78
3 83
3 88
4 9
4 10
4 17
4 18
4 22
4 30
4 31
4 39
4 51
4 56
4 59
4 62
4 69
4 75
4 80
4 91
4 92
5 1
5 8
5 10
5 11
5 14
5 15
5 18
5 27
5 28
5 39
5 41
5 49
5 78
5 80
5 97
6 2
6 3
6 11
6 12
6 18
6 20
6 21
6 22
6 32
6 36
6 40
6 46
6 47
6 49
6 50
6 54
6 55
6 56
6 59
6 62
6 68
6 77
6 80
6 83
6 93
6 99
7 2
7 5
7 8
7 9
7 18
7 41
7 49
7 58
7 59
7 64
7 70
7 73
7 75
7 78
7 81
7 85
7 86
7 89
7 93
8 11
8 15
8 17
8 21
8 27
8 51
8 52
8 54
8 64
8 65
8 73
8 74
8 87
8 91
8 96
9 3
9 5
9 6
9 8
9 46
9 47
9 50
9 52
9 56
9 61
9 63
9 64
9 70
9 80
9 86
9 92
9 95
10 5
10 20
10 21
10 29
10 30
10 38
10 39
10 54
10 55
10 62
10 66
10 67
10 68
10 72
10 85
10 90
11 6
11 13
11 18
11 26
11 28
11 31
11 33
11 42
11 43
11 49
11 50
11 60
11 65
11 82
12 3
12 8
12 14
12 17
12 18
12 21
12 24
12 29
12 34
12 37
12 39
12 51
12 61
12 65
12 72
12 73
12 77
12 86
12 87
12 91
12 98
12 99
13 3
13 5
13 9
13 10
13 14
13 18
13 21
13 27
13 31
13 33
13 37
13 41
13 54
13 55
13 61
13 62
13 72
13 74
13 76
13 78
13 81
13 83
13 92
14 5
14 29
14 30
14 43
14 49
14 64
14 68
14 69
14 85
14 87
14 89
14 91
14 95
14 97
14 98
15 8
15 11
15 14
15 20
15 22
15 31
15 35
15 39
15 41
15 51
15 52
15 57
15 58
15 63
15 72
15 77
15 80
15 89
15 91
15 97
16 4
16 9
16 19
16 20
16 29
16 39
16 47
16 48
16 50
16 51
16 52
16 59
16 62
16 68
16 70
16 84
16 91
17 7
17 8
17 22
17 24
17 28
17 29
17 30
17 33
17 40
17 45
17 47
17 57
17 61
17 66
17 67
17 70
17 71
17 73
17 84
18 9
18 12
18 24
18 28
18 54
18 56
18 57
18 62
18 68
18 71
18 75
18 88
18 91
18 92
18 98
19 3
19 5
19 16
19 20
19 32
19 49
19 56
19 59
19 60
19 61
19 73
19 86
19 91
19 98
20 1
20 2
20 3
20 10
20 19
20 21
20 22
20 23
20 24
20 40
20 45
20 46
20 50
20 63
20 73
20 77
20 90
20 93
20 95
21 11
21 28
21 29
21 30
21 31
21 40
21 44
21 45
21 49
21 50
21 54
21 74
21 79
21 87
21 94
22 9
22 13
22 19
22 30
22 31
22 48
22 49
22 54
22 60
22 61
22 71
22 72
22 83
22 84
22 89
22 97
22 99
23 18
23 24
23 25
23 37
23 39
23 40
23 44
23 52
23 58
23 62
23 73
23 85
24 12
24 13
24 19
24 22
24 27
24 33
24 38
24 42
24 52
24 55
24 57
24 61
24 63
24 64
24 65
24 75
24 81
24 82
24 90
24 92
25 2
25 15
25 19
25 20
25 21
25 23
25 32
25 37
25 38
25 39
25 45
25 50
25 55
25 57
25 61
25 66
25 67
25 71
25 75
25 79
25 82
25 94
25 99
26 4
26 7
26 8
26 13
26 15
26 18
26 29
26 31
26 32
26 60
26 63
26 66
26 67
26 68
26 77
26 81
26 86
26 89
26 91
26 92
26 95
27 3
27 6
27 10
27 13
27 24
27 29
27 39
27 42
27 44
27 53
27 57
27 74
27 75
27 78
27 81
27 83
27 86
27 91
27 94
28 1
28 11
28 18
28 19
28 23
28 24
28 38
28 43
28 50
28 53
28 54
28 57
28 62
28 71
28 72
28 73
28 76
28 78
28 80
28 81
28 88
28 90
28 97
28 98
29 3
29 4
29 6
29 22
29 24
29 38
29 42
29 49
29 57
29 71
29 72
29 79
29 84
29 91
29 92
29 96
29 97
29 99
30 9
30 12
30 17
30 19
30 20
30 32
30 35
30 37
30 38
30 44
30 48
30 52
30 54
30 65
30 67
30 68
30 71
30 80
30 87
30 94
31 4
31 6
31 8
31 14
31 16
31 24
31 33
31 36
31 41
31 44
31 48
31 58
31 68
31 78
31 83
31 87
31 91
32 3
32 9
32 13
32 14
32 16
32 21
32 27
32 30
32 33
32 35
32 36
32 39
32 40
32 41
32 43
32 60
32 61
32 62
32 65
32 72
32 73
32 77
32 85
32 98
33 16
33 26
33 28
33 31
33 37
33 58
33 59
33 60
33 63
33 71
33 86
33 90
33 93
34 1
34 5
34 26
34 28
34 44
34 47
34 48
34 50
34 74
34 84
34 85
34 87
34 93
34 94
34 95
34 99
35 5
35 21
35 25
35 29
35 30
35 31
35 32
35 53
35 55
35 61
35 63
35 67
35 68
35 73
35 74
35 75
35 89
35 92
35 99
36 3
36 6
36 11
36 12
36 15
36 16
36 18
36 19
36 25
36 27
36 31
36 35
36 43
36 44
36 49
36 71
36 76
36 80
36 82
36 83
36 88
36 93
36 99
37 7
37 11
37 13
37 14
37 21
37 26
37 30
37 33
37 35
37 36
37 44
37 62
37 66
37 76
37 78
37 86
37 92
38 1
38 2
38 9
38 30
38 48
38 52
38 59
38 60
38 61
38 68
38 69
38 71
38 72
38 89
38 96
38 97
39 2
39 4
39 8
39 10
39 11
39 12
39 15
39 17
39 19
39 22
39 29
39 30
39 32
39 37
39 42
39 47
39 51
39 60
39 65
39 76
39 87
39 88
39 89
39 97
40 9
40 12
40 13
40 15
40 21
40 25
40 28
40 33
40 35
40 42
40 53
40 55
40 75
40 84
40 88
40 89
41 9
41 13
41 19
41 20
41 22
41 27
41 33
41 42
41 45
41 48
41 52
41 54
41 62
41 65
41 69
41 71
41 82
41 85
41 88
41 94
41 97
41 98
42 1
42 4
42 5
42 10
42 16
42 18
42 25
42 28
42 38
42 48
42 51
42 52
42 53
42 73
42 74
42 76
42 78
42 79
42 82
42 92
42 93
42 96
43 3
43 8
43 9
43 11
43 16
43 18
43 29
43 35
43 38
43 45
43 51
43 56
43 61
43 62
43 70
43 73
43 77
43 78
43 79
43 87
43 88
43 94
43 95
43 96
43 97
44 5
44 14
44 16
44 25
44 41
44 48
44 57
44 60
44 68
44 69
44 73
44 85
44 88
44 89
44 92
44 95
44 96
44 99
45 12
45 15
45 16
45 33
45 38
45 49
45 50
45 52
45 53
45 56
45 60
45 72
45 74
45 78
45 81
45 83
45 85
45 87
45 88
45 91
45 93
45 95
45 96
45 98
46 6
46 13
46 14
46 15
46 17
46 21
46 25
46 28
46 32
46 41
46 43
46 50
46 56
46 58
46 60
46 65
46 77
46 79
46 88
46 99
47 6
47 7
47 8
47 12
47 14
47 20
47 31
47 41
47 44
47 46
47 49
47 53
47 58
47 65
47 66
47 68
47 93
48 3
48 8
48 9
48 16
48 17
48 21
48 26
48 32
48 35
48 49
48 52
48 59
48 69
48 70
48 72
48 78
48 86
48 90
48 91
48 93
48 94
48 95
48 96
49 1
49 4
49 6
49 19
49 20
49 26
49 33
49 37
49 39
49 40
49 41
49 48
49 52
49 59
49 65
49 66
49 72
49 76
49 79
49 83
49 89
49 91
50 2
50 7
50 11
50 19
50 24
50 25
50 26
50 32
50 34
50 35
50 39
50 45
50 48
50 56
50 61
50 64
50 66
50 68
50 98
51 1
51 4
51 8
51 17
51 19
51 23
51 30
51 38
51 54
51 55
51 57
51 60
51 62
51 63
51 66
51 71
51 75
51 76
51 87
51 89
51 96
52 3
52 5
52 10
52 18
52 23
52 29
52 37
52 39
52 40
52 46
52 48
52 50
52 54
52 64
52 71
52 72
52 73
52 96
52 98
52 99
53 1
53 2
53 8
53 10
53 11
53 16
53 17
53 21
53 24
53 31
53 39
53 55
53 56
53 60
53 61
53 63
53 65
53 79
53 85
53 98
54 3
54 8
54 13
54 15
54 32
54 35
54 36
54 45
54 48
54 49
54 57
54 58
54 59
54 67
54 78
54 79
54 82
54 85
54 90
54 93
54 96
54 98
55 4
55 27
55 39
55 44
55 51
55 53
55 57
55 64
55 68
55 91
56 2
56 4
56 9
56 12
56 15
56 20
56 24
56 46
56 51
56 58
56 61
56 71
56 74
56 81
56 90
56 91
56 95
56 98
57 2
57 8
57 20
57 22
57 35
57 40
57 44
57 51
57 55
57 58
57 63
57 82
57 83
57 85
57 95
58 1
58 4
58 8
58 10
58 12
58 33
58 34
58 44
58 46
58 48
58 54
58 56
58 57
58 64
58 71
58 74
58 76
58 83
58 84
58 85
58 88
58 89
58 92
58 96
58 98
59 4
59 9
59 12
59 14
59 28
59 36
59 44
59 49
59 51
59 55
59 58
59 62
59 65
59 66
59 67
59 70
59 71
59 72
59 74
59 76
59 79
59 83
59 85
59 89
60 4
60 7
60 13
60 15
60 16
60 19
60 26
60 31
60 39
60 40
60 42
60 53
60 66
60 70
60 83
60 84
60 86
60 88
60 90
61 2
61 15
61 17
61 22
61 23
61 36
61 39
61 51
61 66
61 70
61 73
61 81
61 85
61 88
61 91
62 2
62 8
62 9
62 19
62 20
62 25
62 29
62 31
62 32
62 34
62 40
62 44
62 47
62 48
62 50
62 54
62 61
62 64
62 70
62 71
62 73
62 77
62 97
62 99
63 9
63 22
63 26
63 36
63 56
63 62
63 68
63 75
63 96
63 97
64 2
64 5
64 8
64 10
64 11
64 17
64 25
64 35
64 41
64 46
64 48
64 52
64 53
64 59
64 75
64 88
64 97
64 98
65 3
65 33
65 52
65 67
65 68
65 72
65 77
65 79
65 80
65 84
65 91
65 93
66 12
66 14
66 16
66 18
66 25
66 28
66 29
66 46
66 51
66 53
66 64
66 65
66 68
66 74
66 75
66 80
66 83
66 84
66 92
67 11
67 22
67 24
67 31
67 38
67 42
67 43
67 57
67 60
67 61
67 63
67 64
67 71
67 81
67 87
67 91
68 16
68 17
68 22
68 23
68 26
68 28
68 29
68 33
68 35
68 36
68 37
68 39
68 59
68 61
68 62
68 65
68 70
68 71
68 75
68 85
68 87
68 92
68 94
68 95
68 99
69 4
69 6
69 12
69 15
69 18
69 22
69 24
69 27
69 34
69 35
69 42
69 43
69 48
69 50
69 53
69 54
69 59
69 65
69 76
69 87
69 96
69 99
70 1
70 2
70 11
70 21
70 24
70 26
70 31
70 32
70 33
70 37
70 48
70 53
70 54
70 72
70 88
70 93
70 95
70 96
71 14
71 19
71 20
71 26
71 34
71 40
71 41
71 43
71 47
71 49
71 50
71 53
71 55
71 60
71 65
71 67
71 69
71 74
71 80
71 85
72 6
72 8
72 10
72 17
72 21
72 24
72 25
72 27
72 35
72 36
72 46
72 59
72 64
72 67
72 68
72 70
72 76
72 78
72 83
72 86
72 87
72 91
72 97
73 11
73 12
73 16
73 21
73 23
73 26
73 27
73 39
73 61
73 68
73 80
73 83
73 84
73 85
73 90
73 91
74 8
74 21
74 33
74 36
74 42
74 44
74 56
74 58
74 60
74 88
74 98
75 2
75 5
75 7
75 10
75 11
75 13
75 16
75 24
75 25
75 26
75 27
75 33
75 43
75 44
75 59
75 61
75 62
75 63
75 67
75 68
75 74
75 93
75 94
75 96
75 98
76 7
76 11
76 14
76 16
76 19
76 23
76 24
76 37
76 38
76 39
76 45
76 47
76 51
76 53
76 62
76 67
76 80
76 81
76 83
76 84
76 97
76 99
77 3
77 4
77 7
77 8
77 24
77 32
77 35
77 39
77 43
77 44
77 45
77 55
77 56
77 59
77 67
77 70
77 71
77 79
77 81
77 86
77 88
77 96
77 98
78 1
78 2
78 3
78 6
78 9
78 12
78 13
78 17
78 18
78 19
78 23
78 26
78 34
78 37
78 39
78 42
78 62
78 64
78 88
78 92
79 2
79 9
79 13
79 18
79 26
79 38
79 43
79 64
79 67
79 70
79 71
79 75
79 77
79 81
79 90
79 98
80 23
80 28
80 30
80 33
80 36
80 38
80 41
80 47
80 50
80 73
80 76
80 83
80 85
80 86
80 89
80 93
80 96
80 97
80 98
80 99
81 2
81 3
81 23
81 30
81 39
81 41
81 48
81 60
81 62
81 67
81 80
81 84
81 87
81 88
81 90
81 92
81 99
82 9
82 16
82 18
82 20
82 25
82 32
82 37
82 40
82 47
82 52
82 57
82 66
82 78
82 79
82 80
82 89
82 98
82 99
83 5
83 14
83 17
83 22
83 30
83 36
83 37
83 40
83 46
83 48
83 49
83 50
83 53
83 65
83 69
83 72
83 78
83 80
83 95
84 3
84 6
84 14
84 24
84 28
84 46
84 54
84 55
84 57
84 65
84 67
84 71
84 72
84 74
84 77
84 87
84 91
84 98
85 19
85 22
85 27
85 29
85 30
85 40
85 44
85 46
85 48
85 52
85 60
85 64
85 70
85 78
85 82
85 89
85 98
86 2
86 26
86 31
86 40
86 42
86 44
86 48
86 49
86 55
86 58
86 63
86 66
86 75
86 84
86 94
86 97
87 7
87 8
87 11
87 13
87 15
87 19
87 22
87 23
87 24
87 26
87 27
87 31
87 33
87 34
87 46
87 53
87 54
87 56
87 64
87 65
87 74
87 77
87 78
87 89
87 92
87 94
87 96
88 6
88 14
88 29
88 34
88 35
88 41
88 49
88 56
88 75
88 79
88 87
88 94
88 98
89 7
89 8
89 11
89 13
89 15
89 21
89 24
89 25
89 27
89 34
89 39
89 41
89 42
89 48
89 49
89 50
89 52
89 63
89 68
89 76
89 81
89 91
89 98
90 1
90 2
90 4
90 7
90 8
90 9
90 11
90 17
90 20
90 32
90 39
90 40
90 57
90 62
90 63
90 70
90 93
90 95
90 98
91 14
91 15
91 17
91 42
91 56
91 57
91 63
91 76
91 92
91 93
91 98
92 6
92 8
92 15
92 21
92 24
92 27
92 30
92 44
92 48
92 59
92 68
92 71
92 81
92 88
92 97
93 2
93 9
93 15
93 17
93 18
93 19
93 21
93 25
93 28
93 29
93 38
93 43
93 47
93 48
93 69
93 70
93 72
93 74
93 78
93 79
93 89
93 90
93 97
94 4
94 5
94 7
94 20
94 31
94 35
94 38
94 41
94 43
94 50
94 52
94 56
94 57
94 58
94 60
94 71
94 77
94 81
94 90
94 95
94 97
95 2
95 4
95 8
95 10
95 15
95 16
95 20
95 35
95 42
95 46
95 47
95 53
95 56
95 58
95 79
95 86
95 96
96 14
96 23
96 26
96 32
96 35
96 36
96 45
96 53
96 59
96 60
96 61
96 65
96 69
96 76
96 79
96 80
96 85
96 88
96 91
96 98
97 16
97 17
97 22
97 28
97 34
97 38
97 52
97 57
97 61
97 63
97 68
97 82
97 86
97 92
97 99
98 2
98 21
98 30
98 31
98 34
98 37
98 43
98 49
98 54
98 56
98 65
98 66
98 70
98 72
98 83
98 84
98 86
98 89
98 91
98 97
99 1
99 6
99 7
99 9
99 11
99 12
99 14
99 17
99 18
99 20
99 29
99 30
99 31
99 33
99 35
99 41
99 50
99 57
99 60
99 61
99 67
99 69
99 70
99 72
99 78
99 87
99 95
