150 75
118 1
106 1
117 1
58 1
135 1
29 1
102 1
86 1
131 1
81 1
69 1
80 1
47 1
107 1
147 1
28 1
98 1
10 1
87 1
136 1
139 1
23 1
110 1
103 1
133 1
111 1
52 1
94 1
32 1
14 1
116 1
17 1
7 1
25 1
104 1
77 1
56 1
36 1
2 1
53 1
57 1
12 1
146 1
128 1
122 1
62 1
143 1
149 1
75 1
79 1
126 1
40 1
144 1
84 1
74 1
24 1
138 1
11 1
101 1
16 1
37 1
115 1
65 1
125 1
1 1
108 1
71 1
19 1
60 1
5 1
18 1
124 1
95 1
49 1
27 1
83 1
120 1
33 1
145 1
121 1
123 1
109 1
90 1
68 1
46 1
67 1
85 1
72 1
41 1
31 1
112 1
3 1
44 1
38 1
22 1
141 1
35 1
70 1
30 1
129 1
15 1
45 1
55 1
91 1
88 1
150 1
127 1
51 1
66 1
59 1
78 1
34 1
64 1
97 1
43 1
92 1
61 1
48 1
73 1
26 1
42 1
9 1
105 1
96 1
113 1
137 1
21 1
20 1
130 1
114 1
82 1
100 1
50 1
93 1
142 1
89 1
8 1
63 1
6 1
134 1
132 1
99 1
140 1
76 1
13 1
148 1
39 1
54 1
119 1
4 1
