140 70
72 1
55 1
133 1
80 1
1 1
26 1
90 1
99 1
35 1
20 1
117 1
70 1
123 1
51 1
78 1
106 1
37 1
12 1
8 1
41 1
95 1
116 1
98 1
3 1
38 1
27 1
21 1
121 1
110 1
103 1
91 1
131 1
36 1
85 1
111 1
14 1
112 1
140 1
120 1
75 1
113 1
134 1
101 1
97 1
18 1
87 1
94 1
74 1
40 1
23 1
69 1
114 1
54 1
64 1
48 1
109 1
17 1
132 1
129 1
65 1
43 1
76 1
108 1
11 1
57 1
50 1
32 1
10 1
45 1
60 1
46 1
96 1
88 1
124 1
15 1
102 1
2 1
19 1
44 1
125 1
138 1
47 1
39 1
126 1
9 1
59 1
16 1
119 1
62 1
83 1
130 1
127 1
71 1
135 1
105 1
5 1
6 1
13 1
84 1
93 1
122 1
115 1
25 1
118 1
82 1
100 1
104 1
67 1
53 1
7 1
28 1
58 1
136 1
66 1
31 1
49 1
42 1
89 1
61 1
79 1
29 1
92 1
77 1
22 1
139 1
63 1
33 1
34 1
24 1
137 1
68 1
128 1
73 1
4 1
107 1
81 1
30 1
52 1
86 1
56 1
