188 94
120 1
117 1
88 1
142 1
99 1
53 1
153 1
78 1
170 1
179 1
68 1
92 1
145 1
62 1
77 1
69 1
11 1
61 1
22 1
50 1
26 1
182 1
57 1
41 1
23 1
184 1
59 1
66 1
56 1
98 1
75 1
106 1
5 1
49 1
180 1
126 1
80 1
112 1
44 1
135 1
118 1
33 1
188 1
159 1
9 1
160 1
158 1
115 1
67 1
47 1
187 1
131 1
101 1
165 1
156 1
64 1
3 1
58 1
25 1
84 1
96 1
146 1
121 1
54 1
148 1
83 1
15 1
133 1
103 1
85 1
32 1
97 1
136 1
127 1
60 1
116 1
183 1
65 1
114 1
134 1
138 1
123 1
100 1
130 1
140 1
72 1
4 1
89 1
71 1
119 1
129 1
161 1
7 1
10 1
163 1
102 1
150 1
51 1
82 1
164 1
2 1
111 1
143 1
34 1
30 1
40 1
36 1
95 1
141 1
109 1
46 1
147 1
176 1
17 1
172 1
104 1
45 1
24 1
20 1
74 1
178 1
19 1
154 1
42 1
173 1
79 1
12 1
166 1
181 1
37 1
167 1
6 1
113 1
162 1
70 1
152 1
73 1
86 1
107 1
21 1
93 1
128 1
27 1
1 1
76 1
35 1
91 1
48 1
14 1
169 1
124 1
151 1
43 1
29 1
55 1
105 1
186 1
108 1
52 1
139 1
175 1
110 1
28 1
8 1
38 1
81 1
171 1
157 1
168 1
39 1
125 1
132 1
90 1
174 1
13 1
94 1
63 1
155 1
122 1
18 1
185 1
149 1
177 1
137 1
87 1
144 1
16 1
31 1
