187 93
97 1
13 1
114 1
78 1
128 1
177 1
33 1
113 1
66 1
107 1
10 1
134 1
8 1
174 1
68 1
21 1
160 1
95 1
139 1
65 1
130 1
104 1
173 1
116 1
27 1
82 1
179 1
175 1
137 1
125 1
126 1
51 1
19 1
47 1
145 1
133 1
122 1
159 1
180 1
48 1
59 1
121 1
36 1
88 1
176 1
165 1
69 1
93 1
129 1
7 1
150 1
162 1
181 1
67 1
57 1
15 1
141 1
26 1
11 1
135 1
151 1
98 1
34 1
148 1
16 1
72 1
31 1
147 1
110 1
23 1
56 1
124 1
39 1
94 1
74 1
170 1
73 1
157 1
20 1
35 1
1 1
106 1
158 1
186 1
166 1
58 1
99 1
62 1
50 1
103 1
17 1
119 1
5 1
154 1
171 1
144 1
168 1
167 1
2 1
25 1
118 1
12 1
64 1
184 1
80 1
178 1
132 1
117 1
101 1
41 1
136 1
87 1
81 1
105 1
42 1
61 1
131 1
84 1
149 1
54 1
102 1
185 1
63 1
45 1
120 1
123 1
143 1
3 1
24 1
53 1
46 1
92 1
163 1
127 1
38 1
96 1
6 1
187 1
146 1
153 1
43 1
111 1
49 1
60 1
142 1
40 1
109 1
44 1
70 1
172 1
155 1
37 1
91 1
71 1
22 1
30 1
86 1
156 1
85 1
182 1
77 1
152 1
89 1
18 1
90 1
138 1
164 1
4 1
115 1
112 1
79 1
32 1
52 1
14 1
76 1
29 1
183 1
28 1
169 1
108 1
83 1
55 1
140 1
161 1
9 1
75 1
100 1
