108 54
107 1
5 1
15 1
108 1
50 1
105 1
96 1
10 1
51 1
47 1
79 1
55 1
20 1
83 1
24 1
99 1
18 1
85 1
86 1
101 1
104 1
70 1
38 1
69 1
30 1
35 1
54 1
28 1
26 1
75 1
42 1
19 1
33 1
56 1
84 1
64 1
13 1
11 1
89 1
103 1
3 1
102 1
52 1
100 1
74 1
43 1
81 1
6 1
97 1
73 1
46 1
78 1
39 1
27 1
59 1
58 1
7 1
71 1
92 1
12 1
68 1
61 1
16 1
48 1
80 1
34 1
31 1
93 1
90 1
82 1
91 1
23 1
88 1
37 1
53 1
1 1
45 1
65 1
63 1
77 1
49 1
8 1
22 1
106 1
4 1
67 1
44 1
14 1
94 1
57 1
41 1
60 1
9 1
40 1
36 1
66 1
72 1
21 1
76 1
2 1
25 1
32 1
62 1
87 1
29 1
98 1
95 1
17 1
