139 69
32 1
60 1
103 1
59 1
65 1
120 1
29 1
139 1
58 1
73 1
136 1
50 1
69 1
134 1
24 1
57 1
68 1
56 1
107 1
54 1
71 1
98 1
129 1
77 1
89 1
19 1
12 1
101 1
62 1
31 1
17 1
9 1
90 1
108 1
8 1
111 1
113 1
95 1
104 1
74 1
137 1
106 1
117 1
99 1
132 1
79 1
84 1
46 1
64 1
119 1
67 1
13 1
61 1
11 1
131 1
123 1
27 1
86 1
3 1
10 1
47 1
4 1
52 1
100 1
85 1
25 1
81 1
66 1
30 1
118 1
135 1
87 1
72 1
55 1
28 1
109 1
122 1
116 1
20 1
48 1
33 1
124 1
138 1
15 1
82 1
78 1
34 1
42 1
2 1
70 1
105 1
26 1
88 1
6 1
5 1
125 1
40 1
83 1
121 1
39 1
102 1
75 1
115 1
44 1
76 1
128 1
23 1
1 1
114 1
97 1
21 1
49 1
45 1
37 1
22 1
18 1
7 1
51 1
41 1
16 1
93 1
43 1
96 1
94 1
127 1
35 1
14 1
130 1
38 1
110 1
53 1
133 1
92 1
126 1
36 1
112 1
91 1
80 1
63 1
