110 55
47 1
103 1
32 1
102 1
97 1
40 1
75 1
18 1
41 1
56 1
29 1
38 1
89 1
10 1
65 1
7 1
104 1
53 1
24 1
59 1
45 1
99 1
21 1
74 1
110 1
88 1
69 1
108 1
50 1
23 1
49 1
87 1
79 1
101 1
48 1
25 1
78 1
39 1
30 1
37 1
60 1
91 1
86 1
82 1
98 1
83 1
72 1
2 1
36 1
16 1
46 1
52 1
57 1
31 1
12 1
15 1
106 1
34 1
96 1
51 1
19 1
70 1
109 1
26 1
77 1
92 1
67 1
5 1
68 1
62 1
28 1
80 1
43 1
105 1
9 1
54 1
76 1
44 1
14 1
17 1
35 1
64 1
93 1
6 1
107 1
58 1
90 1
61 1
1 1
3 1
8 1
33 1
85 1
11 1
22 1
66 1
84 1
100 1
63 1
27 1
94 1
13 1
81 1
42 1
95 1
71 1
20 1
73 1
4 1
55 1
