106 53
81 1
43 1
10 1
25 1
16 1
89 1
12 1
45 1
19 1
95 1
55 1
82 1
37 1
98 1
66 1
77 1
5 1
61 1
59 1
88 1
23 1
49 1
64 1
94 1
3 1
39 1
18 1
56 1
62 1
104 1
102 1
9 1
32 1
2 1
20 1
13 1
105 1
67 1
80 1
99 1
106 1
40 1
52 1
74 1
90 1
73 1
83 1
58 1
28 1
11 1
86 1
68 1
91 1
50 1
63 1
92 1
26 1
87 1
54 1
97 1
17 1
1 1
34 1
100 1
60 1
7 1
48 1
35 1
31 1
6 1
78 1
65 1
36 1
42 1
22 1
15 1
72 1
21 1
71 1
33 1
24 1
14 1
53 1
76 1
93 1
46 1
30 1
103 1
4 1
79 1
41 1
8 1
84 1
29 1
44 1
38 1
27 1
75 1
96 1
69 1
57 1
51 1
101 1
85 1
47 1
70 1
