138 69
69 1
114 1
128 1
7 1
16 1
80 1
120 1
90 1
72 1
60 1
101 1
122 1
81 1
64 1
134 1
123 1
79 1
51 1
14 1
13 1
57 1
31 1
100 1
71 1
110 1
86 1
131 1
15 1
113 1
50 1
87 1
40 1
43 1
73 1
106 1
107 1
28 1
117 1
34 1
116 1
93 1
49 1
63 1
75 1
26 1
3 1
25 1
133 1
135 1
42 1
82 1
118 1
66 1
44 1
126 1
121 1
97 1
52 1
108 1
92 1
68 1
102 1
109 1
41 1
103 1
67 1
65 1
36 1
1 1
70 1
112 1
20 1
17 1
138 1
33 1
19 1
54 1
119 1
48 1
55 1
30 1
91 1
111 1
22 1
24 1
104 1
83 1
132 1
29 1
21 1
27 1
32 1
99 1
124 1
35 1
89 1
77 1
56 1
18 1
53 1
74 1
38 1
137 1
62 1
84 1
12 1
61 1
94 1
76 1
9 1
11 1
23 1
59 1
37 1
2 1
6 1
47 1
45 1
8 1
115 1
98 1
10 1
136 1
39 1
130 1
46 1
58 1
105 1
5 1
85 1
88 1
125 1
4 1
129 1
78 1
127 1
95 1
96 1
