134 67
41 1
32 1
95 1
53 1
4 1
91 1
6 1
123 1
82 1
99 1
101 1
59 1
103 1
3 1
131 1
58 1
19 1
79 1
113 1
81 1
51 1
110 1
69 1
122 1
7 1
114 1
31 1
50 1
124 1
22 1
73 1
11 1
27 1
96 1
46 1
63 1
15 1
18 1
36 1
54 1
89 1
115 1
13 1
130 1
93 1
28 1
65 1
106 1
92 1
39 1
117 1
112 1
66 1
60 1
77 1
49 1
48 1
132 1
102 1
88 1
52 1
57 1
68 1
97 1
134 1
121 1
127 1
40 1
105 1
120 1
1 1
118 1
38 1
2 1
14 1
70 1
108 1
126 1
64 1
24 1
75 1
90 1
10 1
35 1
37 1
133 1
67 1
80 1
9 1
61 1
23 1
30 1
116 1
5 1
72 1
76 1
100 1
43 1
47 1
55 1
20 1
85 1
104 1
87 1
17 1
33 1
12 1
119 1
86 1
74 1
84 1
26 1
107 1
8 1
109 1
56 1
94 1
45 1
128 1
111 1
44 1
25 1
125 1
62 1
83 1
129 1
16 1
29 1
98 1
21 1
71 1
34 1
78 1
42 1
