99
2908
1 5
1 6
1 7
1 10
1 13
1 20
1 21
1 31
1 36
1 39
1 43
1 45
1 53
1 54
1 55
1 57
1 62
1 64
1 71
1 73
1 77
1 79
1 80
1 84
1 87
1 88
1 90
1 97
1 98
2 6
2 8
2 12
2 14
2 18
2 21
2 22
2 28
2 31
2 34
2 42
2 44
2 49
2 51
2 60
2 61
2 67
2 68
2 72
2 82
2 84
2 87
2 95
2 96
3 1
3 4
3 8
3 12
3 15
3 23
3 28
3 29
3 38
3 46
3 49
3 50
3 52
3 54
3 58
3 71
3 73
3 79
3 83
3 84
3 85
3 90
3 92
3 95
3 96
3 98
4 2
4 6
4 8
4 10
4 12
4 21
4 23
4 24
4 27
4 46
4 47
4 51
4 56
4 57
4 60
4 77
4 94
4 99
5 4
5 11
5 14
5 20
5 23
5 29
5 32
5 33
5 34
5 40
5 41
5 42
5 43
5 44
5 46
5 47
5 54
5 56
5 60
5 61
5 67
5 68
5 69
5 71
5 75
5 78
5 94
5 96
6 9
6 10
6 14
6 25
6 27
6 30
6 32
6 34
6 39
6 53
6 56
6 57
6 58
6 59
6 62
6 70
6 81
6 84
6 91
6 92
6 97
7 1
7 5
7 9
7 14
7 16
7 18
7 20
7 25
7 30
7 31
7 35
7 36
7 37
7 41
7 43
7 44
7 45
7 46
7 49
7 55
7 57
7 61
7 76
7 81
7 82
7 83
7 84
7 87
7 89
7 90
7 92
7 94
7 96
7 98
8 1
8 15
8 19
8 21
8 22
8 23
8 25
8 32
8 33
8 35
8 36
8 40
8 42
8 45
8 46
8 47
8 50
8 51
8 52
8 53
8 54
8 56
8 60
8 65
8 69
8 71
8 72
8 86
8 87
8 91
8 92
8 96
9 2
9 5
9 11
9 12
9 15
9 16
9 20
9 21
9 32
9 33
9 34
9 36
9 41
9 48
9 49
9 50
9 52
9 57
9 64
9 65
9 66
9 67
9 75
9 76
9 77
9 84
9 88
9 89
9 94
9 96
10 4
10 5
10 17
10 19
10 20
10 21
10 22
10 24
10 28
10 35
10 37
10 41
10 42
10 44
10 48
10 53
10 57
10 61
10 62
10 66
10 68
10 69
10 70
10 78
10 80
10 85
10 87
10 89
10 94
10 97
10 98
10 99
11 2
11 4
11 6
11 10
11 12
11 18
11 26
11 28
11 29
11 33
11 34
11 35
11 36
11 40
11 41
11 42
11 45
11 49
11 58
11 60
11 63
11 64
11 65
11 72
11 73
11 74
11 78
11 81
11 82
11 88
11 92
11 95
12 1
12 8
12 9
12 10
12 14
12 15
12 17
12 18
12 23
12 36
12 38
12 41
12 44
12 45
12 48
12 53
12 57
12 60
12 61
12 62
12 63
12 65
12 66
12 69
12 72
12 80
12 81
12 82
12 84
12 91
12 93
12 96
13 2
13 5
13 14
13 17
13 18
13 22
13 24
13 25
13 30
13 31
13 33
13 37
13 40
13 45
13 48
13 50
13 56
13 62
13 67
13 80
13 83
13 84
13 87
13 92
13 95
13 96
13 97
14 1
14 5
14 6
14 11
14 12
14 13
14 16
14 19
14 20
14 26
14 31
14 39
14 40
14 43
14 45
14 46
14 47
14 55
14 70
14 73
14 74
14 76
14 88
14 89
14 92
14 96
14 99
15 1
15 18
15 19
15 25
15 27
15 28
15 31
15 48
15 56
15 59
15 61
15 65
15 68
15 75
15 79
15 83
15 85
15 88
15 95
16 4
16 8
16 15
16 23
16 25
16 29
16 33
16 36
16 40
16 42
16 53
16 57
16 64
16 65
16 66
16 69
16 70
16 71
16 78
16 84
16 87
16 88
16 89
16 90
16 98
16 99
17 3
17 4
17 11
17 14
17 20
17 23
17 27
17 28
17 29
17 31
17 32
17 41
17 42
17 44
17 49
17 50
17 51
17 52
17 59
17 65
17 68
17 72
17 77
17 79
17 80
17 87
17 91
17 93
17 94
17 99
18 6
18 7
18 13
18 15
18 23
18 26
18 27
18 31
18 32
18 33
18 34
18 46
18 48
18 52
18 53
18 55
18 57
18 58
18 66
18 70
18 72
18 80
18 83
18 85
18 88
18 97
18 98
19 2
19 5
19 7
19 8
19 9
19 12
19 35
19 37
19 38
19 42
19 46
19 47
19 49
19 50
19 52
19 60
19 67
19 71
19 73
19 84
19 85
19 86
19 87
19 88
19 93
20 2
20 4
20 7
20 8
20 10
20 16
20 17
20 18
20 22
20 23
20 25
20 27
20 29
20 37
20 39
20 40
20 41
20 46
20 47
20 49
20 50
20 55
20 60
20 65
20 67
20 68
20 69
20 72
20 75
20 77
20 78
20 79
20 80
20 86
20 88
20 89
20 93
20 95
20 98
21 7
21 13
21 16
21 19
21 23
21 26
21 27
21 31
21 38
21 40
21 42
21 46
21 48
21 49
21 52
21 53
21 55
21 59
21 63
21 65
21 66
21 67
21 68
21 78
21 80
21 81
21 89
21 90
21 91
21 94
21 99
22 1
22 12
22 17
22 18
22 26
22 30
22 42
22 45
22 49
22 57
22 58
22 59
22 69
22 70
22 80
22 81
22 85
22 88
22 97
22 98
23 1
23 2
23 14
23 19
23 30
23 31
23 32
23 35
23 38
23 43
23 46
23 53
23 64
23 72
23 79
23 82
23 90
23 93
23 94
23 96
23 97
23 98
24 6
24 8
24 9
24 15
24 25
24 27
24 31
24 34
24 42
24 44
24 45
24 52
24 79
24 81
24 85
24 87
24 88
24 91
25 1
25 4
25 5
25 7
25 8
25 11
25 16
25 18
25 19
25 21
25 23
25 24
25 28
25 29
25 30
25 31
25 33
25 34
25 35
25 38
25 39
25 42
25 44
25 47
25 49
25 52
25 53
25 57
25 58
25 60
25 61
25 65
25 68
25 73
25 81
25 82
25 86
25 87
25 88
25 92
25 97
26 5
26 10
26 11
26 13
26 14
26 15
26 19
26 21
26 22
26 23
26 25
26 29
26 30
26 31
26 35
26 41
26 43
26 47
26 50
26 60
26 61
26 67
26 70
26 71
26 73
26 87
26 88
26 93
26 98
26 99
27 1
27 6
27 10
27 11
27 33
27 35
27 43
27 53
27 55
27 58
27 59
27 64
27 66
27 67
27 72
27 77
27 79
27 80
27 92
27 95
28 1
28 2
28 7
28 10
28 13
28 15
28 17
28 18
28 19
28 20
28 27
28 30
28 38
28 39
28 41
28 44
28 45
28 46
28 52
28 53
28 54
28 57
28 59
28 61
28 63
28 74
28 83
28 87
28 88
28 92
29 7
29 9
29 13
29 14
29 19
29 24
29 25
29 26
29 27
29 33
29 34
29 36
29 37
29 41
29 43
29 45
29 54
29 55
29 57
29 59
29 61
29 62
29 66
29 74
29 76
29 80
29 82
29 83
29 86
29 88
29 90
29 93
29 95
29 97
29 98
29 99
30 1
30 5
30 8
30 9
30 15
30 20
30 21
30 25
30 28
30 34
30 35
30 37
30 42
30 43
30 44
30 47
30 50
30 52
30 53
30 55
30 59
30 60
30 64
30 65
30 67
30 68
30 70
30 75
30 76
30 80
30 83
30 86
30 88
30 94
30 95
30 96
30 97
31 1
31 2
31 3
31 4
31 6
31 8
31 18
31 20
31 23
31 28
31 35
31 38
31 39
31 40
31 46
31 47
31 57
31 58
31 59
31 60
31 63
31 65
31 66
31 68
31 70
31 73
31 74
31 75
31 78
31 79
31 86
31 89
32 1
32 6
32 9
32 16
32 18
32 19
32 34
32 37
32 38
32 40
32 41
32 44
32 45
32 48
32 51
32 53
32 54
32 56
32 59
32 67
32 69
32 71
32 75
32 77
32 79
32 81
32 92
32 93
32 94
32 95
32 99
33 1
33 3
33 4
33 8
33 11
33 13
33 19
33 31
33 37
33 38
33 39
33 42
33 45
33 46
33 55
33 57
33 60
33 64
33 67
33 74
33 77
33 78
33 83
33 85
33 86
33 87
33 88
34 1
34 4
34 6
34 9
34 12
34 13
34 17
34 33
34 38
34 47
34 56
34 58
34 67
34 68
34 69
34 70
34 76
34 80
34 82
34 83
34 88
34 91
34 92
34 93
34 97
34 99
35 1
35 3
35 7
35 8
35 10
35 11
35 12
35 19
35 20
35 22
35 23
35 26
35 29
35 30
35 31
35 32
35 38
35 42
35 47
35 50
35 52
35 54
35 55
35 56
35 57
35 63
35 64
35 65
35 68
35 72
35 74
35 78
35 82
35 84
35 88
35 91
35 97
36 1
36 3
36 4
36 6
36 7
36 11
36 13
36 14
36 21
36 23
36 25
36 27
36 29
36 35
36 40
36 42
36 46
36 49
36 52
36 55
36 59
36 64
36 68
36 69
36 75
36 78
36 81
36 83
36 85
36 89
36 90
36 94
37 2
37 7
37 15
37 16
37 18
37 21
37 22
37 24
37 25
37 27
37 28
37 29
37 32
37 46
37 47
37 55
37 57
37 68
37 69
37 72
37 73
37 76
37 78
37 79
37 85
37 87
37 91
37 93
38 4
38 6
38 7
38 10
38 12
38 13
38 14
38 16
38 17
38 18
38 21
38 24
38 25
38 26
38 27
38 30
38 31
38 35
38 39
38 41
38 44
38 46
38 47
38 53
38 54
38 56
38 63
38 68
38 71
38 74
38 75
38 76
38 79
38 81
38 83
38 84
38 91
38 92
38 94
38 97
39 2
39 4
39 6
39 7
39 10
39 19
39 21
39 25
39 28
39 30
39 33
39 34
39 40
39 41
39 55
39 58
39 59
39 64
39 71
39 73
39 76
39 80
39 86
39 87
39 90
39 91
39 97
40 1
40 2
40 3
40 4
40 5
40 10
40 12
40 18
40 20
40 28
40 30
40 32
40 33
40 38
40 41
40 42
40 47
40 50
40 56
40 64
40 69
40 75
40 76
40 77
40 80
40 81
40 83
40 84
40 85
40 87
40 90
40 91
40 93
40 97
40 99
41 6
41 18
41 19
41 20
41 21
41 23
41 28
41 30
41 31
41 32
41 37
41 46
41 49
41 50
41 52
41 54
41 57
41 59
41 61
41 65
41 66
41 68
41 73
41 77
41 78
41 79
41 80
41 83
41 88
41 89
41 96
41 98
42 4
42 7
42 9
42 10
42 17
42 18
42 19
42 21
42 22
42 28
42 32
42 34
42 35
42 36
42 46
42 51
42 56
42 60
42 61
42 62
42 64
42 69
42 77
42 80
42 81
42 82
42 84
42 86
42 87
42 89
42 90
42 92
42 97
43 3
43 6
43 12
43 13
43 14
43 18
43 20
43 21
43 23
43 24
43 25
43 27
43 34
43 36
43 41
43 46
43 47
43 51
43 55
43 58
43 62
43 65
43 67
43 70
43 73
43 79
43 87
43 88
43 94
43 95
43 97
44 6
44 8
44 12
44 15
44 19
44 20
44 21
44 22
44 24
44 28
44 29
44 31
44 41
44 46
44 47
44 53
44 56
44 67
44 68
44 70
44 76
44 80
44 81
44 84
44 87
44 91
44 94
44 97
44 98
45 6
45 9
45 12
45 15
45 18
45 24
45 26
45 28
45 29
45 32
45 34
45 35
45 39
45 44
45 56
45 59
45 60
45 73
45 75
45 76
45 85
45 87
45 89
45 93
45 98
46 5
46 7
46 13
46 15
46 16
46 19
46 25
46 27
46 36
46 37
46 40
46 45
46 53
46 63
46 66
46 68
46 69
46 73
46 79
46 85
46 94
46 99
47 4
47 5
47 13
47 14
47 19
47 23
47 29
47 31
47 34
47 39
47 44
47 48
47 53
47 54
47 55
47 56
47 58
47 59
47 64
47 67
47 75
47 76
47 82
47 85
47 92
47 93
47 97
48 1
48 5
48 7
48 14
48 16
48 17
48 20
48 23
48 24
48 25
48 27
48 31
48 37
48 38
48 55
48 60
48 62
48 66
48 67
48 68
48 76
48 78
48 84
48 86
48 91
48 92
48 95
48 96
48 98
49 3
49 4
49 7
49 13
49 17
49 23
49 29
49 32
49 37
49 47
49 50
49 53
49 57
49 60
49 63
49 65
49 66
49 69
49 70
49 72
49 73
49 74
49 79
49 82
49 83
49 88
49 90
49 91
49 94
49 98
50 1
50 7
50 10
50 14
50 17
50 22
50 26
50 27
50 37
50 38
50 42
50 45
50 51
50 59
50 61
50 67
50 68
50 71
50 73
50 80
50 85
50 88
50 90
50 91
50 97
51 2
51 4
51 8
51 9
51 10
51 15
51 16
51 26
51 27
51 33
51 35
51 37
51 38
51 45
51 52
51 54
51 55
51 57
51 64
51 68
51 70
51 71
51 84
51 88
51 89
51 91
51 92
51 93
51 94
51 95
51 98
52 1
52 2
52 4
52 10
52 11
52 12
52 16
52 17
52 18
52 19
52 24
52 25
52 29
52 36
52 37
52 40
52 42
52 45
52 48
52 50
52 53
52 61
52 64
52 68
52 70
52 76
52 80
52 83
52 84
52 85
52 93
52 95
52 96
53 1
53 8
53 13
53 14
53 19
53 23
53 26
53 36
53 40
53 41
53 46
53 47
53 55
53 57
53 61
53 62
53 68
53 76
53 82
53 86
53 92
53 93
53 95
53 96
53 98
54 9
54 14
54 17
54 34
54 42
54 50
54 60
54 62
54 63
54 64
54 66
54 76
54 78
54 84
54 85
54 86
54 88
54 92
54 94
54 96
55 9
55 10
55 15
55 16
55 18
55 20
55 21
55 27
55 29
55 31
55 32
55 41
55 42
55 44
55 57
55 65
55 67
55 71
55 74
55 78
55 79
55 82
55 85
55 86
55 87
55 91
55 94
55 95
56 6
56 8
56 12
56 13
56 14
56 15
56 16
56 17
56 20
56 21
56 22
56 26
56 28
56 29
56 31
56 35
56 37
56 38
56 40
56 41
56 42
56 48
56 51
56 53
56 57
56 59
56 62
56 64
56 80
56 85
56 88
56 95
56 96
56 97
56 98
56 99
57 1
57 4
57 5
57 6
57 9
57 12
57 15
57 17
57 19
57 26
57 28
57 35
57 39
57 40
57 44
57 47
57 48
57 50
57 53
57 56
57 59
57 62
57 63
57 68
57 71
57 73
57 75
57 82
57 86
57 87
57 94
57 98
58 1
58 5
58 7
58 10
58 14
58 15
58 16
58 17
58 18
58 20
58 22
58 23
58 27
58 29
58 38
58 40
58 45
58 49
58 52
58 57
58 61
58 65
58 69
58 74
58 76
58 79
58 83
58 84
58 85
58 86
58 91
58 92
58 94
58 98
58 99
59 1
59 3
59 4
59 6
59 12
59 15
59 17
59 25
59 26
59 27
59 28
59 29
59 30
59 33
59 35
59 47
59 55
59 61
59 62
59 64
59 65
59 67
59 69
59 72
59 73
59 77
59 79
59 89
59 92
59 93
59 95
60 5
60 8
60 15
60 19
60 22
60 25
60 28
60 29
60 37
60 39
60 45
60 48
60 51
60 52
60 54
60 62
60 69
60 73
60 75
60 76
60 78
60 79
60 81
60 95
61 16
61 17
61 20
61 24
61 25
61 26
61 30
61 31
61 32
61 33
61 35
61 39
61 41
61 42
61 44
61 47
61 52
61 56
61 59
61 69
61 72
61 76
61 78
61 80
61 82
61 83
61 86
61 90
61 91
61 94
61 96
62 1
62 4
62 5
62 15
62 19
62 20
62 24
62 25
62 30
62 35
62 40
62 43
62 44
62 50
62 52
62 53
62 61
62 63
62 65
62 68
62 70
62 71
62 72
62 75
62 81
62 84
62 89
62 93
62 98
62 99
63 2
63 3
63 4
63 7
63 13
63 16
63 17
63 20
63 23
63 29
63 30
63 48
63 51
63 55
63 60
63 62
63 64
63 68
63 70
63 71
63 78
63 80
63 81
63 82
63 83
63 90
63 93
63 94
63 96
63 99
64 2
64 3
64 5
64 6
64 8
64 10
64 13
64 18
64 29
64 31
64 35
64 39
64 52
64 55
64 56
64 60
64 63
64 65
64 68
64 69
64 70
64 73
64 77
64 80
64 84
64 87
64 88
64 89
64 90
64 92
64 93
64 96
64 98
65 3
65 4
65 6
65 7
65 13
65 14
65 23
65 24
65 25
65 26
65 32
65 33
65 40
65 45
65 46
65 47
65 50
65 53
65 55
65 59
65 60
65 61
65 72
65 75
65 77
65 81
65 83
65 86
65 87
65 99
66 4
66 8
66 13
66 16
66 17
66 19
66 20
66 21
66 24
66 34
66 36
66 42
66 46
66 50
66 51
66 55
66 56
66 65
66 77
66 78
66 81
66 89
66 97
67 10
67 14
67 20
67 26
67 37
67 39
67 40
67 41
67 42
67 45
67 50
67 53
67 60
67 65
67 68
67 70
67 71
67 83
67 89
67 98
68 3
68 6
68 13
68 23
68 25
68 31
68 33
68 39
68 40
68 41
68 42
68 43
68 45
68 71
68 72
68 75
68 81
68 89
68 92
69 1
69 2
69 3
69 10
69 11
69 15
69 18
69 24
69 25
69 29
69 30
69 31
69 32
69 38
69 39
69 45
69 50
69 55
69 68
69 78
69 81
69 88
69 90
69 93
69 95
69 97
70 2
70 4
70 7
70 10
70 13
70 14
70 19
70 21
70 23
70 24
70 27
70 33
70 36
70 37
70 38
70 39
70 42
70 45
70 47
70 51
70 54
70 55
70 58
70 62
70 63
70 67
70 68
70 69
70 71
70 79
70 82
70 84
70 86
70 90
70 98
71 1
71 2
71 3
71 4
71 5
71 7
71 12
71 15
71 17
71 19
71 21
71 23
71 29
71 34
71 38
71 44
71 52
71 64
71 69
71 74
71 76
71 77
71 85
71 86
71 87
71 93
72 4
72 5
72 6
72 7
72 9
72 12
72 13
72 21
72 23
72 24
72 25
72 26
72 27
72 30
72 31
72 39
72 40
72 41
72 42
72 53
72 56
72 57
72 59
72 60
72 62
72 63
72 66
72 68
72 71
72 82
72 84
72 86
72 90
72 93
73 3
73 6
73 7
73 13
73 16
73 17
73 18
73 25
73 27
73 28
73 32
73 36
73 38
73 50
73 64
73 78
73 79
73 82
73 93
73 98
74 1
74 4
74 10
74 13
74 26
74 27
74 28
74 30
74 31
74 37
74 40
74 50
74 51
74 52
74 54
74 62
74 63
74 65
74 68
74 71
74 72
74 77
74 78
74 79
74 81
74 82
74 83
74 84
74 85
74 88
75 3
75 7
75 13
75 15
75 16
75 17
75 24
75 25
75 26
75 27
75 34
75 38
75 41
75 42
75 43
75 46
75 51
75 52
75 59
75 61
75 66
75 68
75 69
75 72
75 73
75 74
75 79
75 80
75 82
75 83
75 84
75 86
75 87
75 88
75 89
75 90
75 91
75 93
75 96
75 98
76 1
76 6
76 7
76 8
76 16
76 19
76 23
76 24
76 26
76 28
76 29
76 30
76 35
76 37
76 38
76 39
76 40
76 41
76 48
76 49
76 51
76 52
76 55
76 56
76 57
76 60
76 62
76 65
76 69
76 71
76 72
76 78
76 80
76 86
76 91
76 92
76 94
76 95
76 96
76 97
77 2
77 5
77 9
77 16
77 17
77 19
77 24
77 26
77 30
77 31
77 32
77 34
77 43
77 44
77 46
77 47
77 49
77 58
77 60
77 62
77 63
77 65
77 78
77 81
77 86
77 89
77 94
77 95
78 4
78 5
78 6
78 14
78 15
78 16
78 17
78 18
78 19
78 20
78 30
78 33
78 35
78 42
78 47
78 51
78 53
78 58
78 63
78 65
78 74
78 77
78 85
78 86
78 88
78 90
78 93
78 94
78 95
78 97
78 99
79 3
79 4
79 6
79 7
79 8
79 10
79 12
79 13
79 15
79 19
79 20
79 21
79 22
79 25
79 27
79 29
79 30
79 35
79 41
79 44
79 47
79 48
79 52
79 53
79 57
79 58
79 61
79 66
79 68
79 73
79 74
79 77
79 83
79 88
79 94
79 97
80 2
80 4
80 7
80 13
80 15
80 18
80 21
80 26
80 28
80 32
80 34
80 40
80 43
80 46
80 50
80 52
80 55
80 57
80 58
80 68
80 75
80 76
80 77
80 97
81 7
81 9
81 19
81 25
81 26
81 28
81 41
81 45
81 49
81 50
81 53
81 54
81 57
81 62
81 64
81 65
81 70
81 73
81 75
81 85
81 89
81 96
81 97
82 2
82 4
82 6
82 15
82 17
82 18
82 20
82 26
82 37
82 45
82 46
82 49
82 50
82 55
82 56
82 58
82 59
82 61
82 62
82 66
82 68
82 70
82 73
82 75
82 77
82 78
82 80
82 81
82 83
82 85
82 89
82 93
82 95
82 96
83 8
83 9
83 11
83 12
83 13
83 16
83 17
83 18
83 19
83 23
83 28
83 29
83 31
83 36
83 39
83 41
83 44
83 47
83 48
83 53
83 59
83 61
83 63
83 64
83 70
83 75
83 77
83 78
83 85
83 86
83 87
83 88
83 90
83 94
83 95
83 98
84 1
84 4
84 13
84 14
84 15
84 18
84 25
84 28
84 31
84 32
84 37
84 38
84 43
84 46
84 49
84 51
84 52
84 71
84 76
84 81
84 85
84 88
84 89
84 92
84 93
84 95
84 96
84 97
84 99
85 4
85 7
85 8
85 10
85 15
85 21
85 28
85 29
85 31
85 34
85 35
85 37
85 40
85 44
85 45
85 46
85 47
85 48
85 49
85 53
85 54
85 59
85 63
85 64
85 65
85 66
85 72
85 78
85 79
85 80
85 82
85 89
85 90
85 96
85 97
85 99
86 1
86 4
86 8
86 10
86 16
86 17
86 20
86 25
86 28
86 35
86 37
86 40
86 41
86 45
86 46
86 56
86 58
86 61
86 63
86 66
86 67
86 68
86 79
86 80
86 91
86 94
86 95
86 98
86 99
87 7
87 8
87 9
87 10
87 20
87 25
87 26
87 36
87 38
87 45
87 54
87 55
87 57
87 59
87 60
87 66
87 68
87 71
87 76
87 78
87 81
87 83
87 86
87 93
87 96
87 99
88 2
88 4
88 14
88 17
88 22
88 23
88 25
88 28
88 31
88 33
88 34
88 35
88 42
88 46
88 47
88 62
88 65
88 82
88 84
88 85
88 90
88 91
88 92
88 93
88 94
88 97
88 98
89 1
89 4
89 7
89 8
89 11
89 12
89 14
89 15
89 17
89 22
89 26
89 28
89 31
89 33
89 34
89 35
89 39
89 49
89 56
89 58
89 62
89 67
89 68
89 71
89 73
89 74
89 75
89 78
89 84
89 88
89 91
89 92
89 95
89 96
89 97
89 98
89 99
90 4
90 6
90 7
90 15
90 20
90 25
90 27
90 28
90 32
90 33
90 34
90 35
90 37
90 50
90 51
90 58
90 59
90 61
90 63
90 68
90 69
90 74
90 81
90 84
90 88
90 89
90 96
91 2
91 4
91 6
91 17
91 18
91 21
91 26
91 32
91 45
91 49
91 56
91 57
91 60
91 65
91 68
91 69
91 75
91 76
91 79
91 83
91 84
91 86
91 88
91 89
91 92
91 93
91 99
92 3
92 5
92 6
92 10
92 12
92 18
92 25
92 30
92 32
92 40
92 41
92 44
92 46
92 47
92 50
92 52
92 55
92 58
92 61
92 62
92 71
92 72
92 74
92 77
92 78
92 79
92 86
92 87
92 90
92 91
92 94
92 96
93 7
93 18
93 19
93 24
93 25
93 26
93 27
93 32
93 33
93 35
93 37
93 39
93 40
93 42
93 44
93 48
93 49
93 51
93 53
93 56
93 60
93 61
93 62
93 63
93 64
93 65
93 69
93 70
93 71
93 75
93 76
93 77
93 78
93 82
93 83
93 90
93 94
93 97
93 98
93 99
94 4
94 6
94 7
94 11
94 17
94 21
94 22
94 29
94 30
94 31
94 35
94 36
94 37
94 39
94 42
94 43
94 47
94 48
94 51
94 54
94 57
94 61
94 62
94 66
94 67
94 68
94 69
94 76
94 77
94 80
94 82
94 83
94 85
94 86
94 88
94 92
95 1
95 3
95 9
95 10
95 12
95 14
95 16
95 22
95 25
95 31
95 32
95 37
95 43
95 44
95 45
95 47
95 52
95 53
95 57
95 58
95 62
95 63
95 66
95 67
95 68
95 69
95 72
95 76
95 79
95 88
95 96
96 4
96 9
96 11
96 12
96 15
96 19
96 27
96 28
96 29
96 32
96 34
96 41
96 44
96 45
96 50
96 52
96 53
96 58
96 61
96 62
96 69
96 76
96 77
96 79
96 82
96 86
96 89
96 91
96 97
96 98
97 1
97 12
97 13
97 14
97 15
97 17
97 19
97 23
97 24
97 25
97 26
97 45
97 56
97 57
97 58
97 61
97 64
97 66
97 68
97 69
97 70
97 72
97 76
97 78
97 79
97 85
97 95
98 2
98 6
98 9
98 15
98 16
98 23
98 26
98 28
98 29
98 30
98 33
98 38
98 40
98 42
98 50
98 56
98 60
98 61
98 65
98 66
98 69
98 71
98 74
98 77
98 78
98 79
98 80
98 83
98 88
98 89
98 91
98 94
98 99
99 3
99 4
99 10
99 11
99 12
99 18
99 22
99 28
99 32
99 33
99 48
99 51
99 52
99 53
99 54
99 55
99 56
99 58
99 63
99 68
99 76
99 82
99 84
99 90
99 96
99 97
