99
959
1 2
1 16
1 21
1 25
1 33
1 39
1 48
1 73
1 93
1 98
2 1
2 18
2 25
2 43
2 45
2 48
2 49
2 57
2 58
2 59
2 60
2 97
3 4
3 22
3 42
3 48
3 65
3 66
4 21
4 22
4 27
4 29
4 36
4 37
4 51
4 54
4 60
4 73
4 82
5 7
5 13
5 16
5 18
5 19
5 47
5 55
5 60
5 65
5 84
5 97
6 2
6 3
6 30
6 36
6 45
6 60
6 71
6 82
6 83
6 84
6 97
6 99
7 3
7 19
7 23
7 56
7 64
7 75
7 77
7 85
7 96
7 97
8 13
8 16
8 31
8 38
8 43
8 54
8 75
8 78
8 88
9 6
9 8
9 36
9 44
9 68
9 73
9 77
9 85
9 86
9 95
9 99
10 9
10 17
10 20
10 24
10 60
10 64
10 66
10 68
10 84
10 97
11 2
11 6
11 21
11 31
11 33
11 35
11 39
11 49
11 65
11 66
11 82
11 96
12 6
12 26
12 40
12 46
12 49
12 60
12 75
12 87
12 90
12 96
13 19
13 20
13 24
13 30
13 31
13 47
13 48
13 59
13 90
13 98
14 2
14 18
14 26
14 29
14 34
14 53
14 95
15 5
15 8
15 36
15 47
15 50
15 54
15 65
15 91
15 92
16 4
16 29
16 35
16 60
16 62
16 66
16 73
16 74
16 78
16 99
17 4
17 8
17 25
17 61
17 71
17 74
17 82
17 87
17 93
17 94
17 99
18 4
18 21
18 31
18 32
18 36
18 38
18 49
18 52
18 55
18 60
18 68
18 88
19 32
19 59
19 68
19 71
19 83
19 93
20 25
20 37
20 44
20 48
20 54
20 71
20 79
20 93
20 96
21 17
21 34
21 46
21 50
21 56
21 70
21 79
21 97
22 15
22 17
22 18
22 19
22 23
22 45
22 56
22 89
22 94
23 8
23 59
23 71
23 85
23 89
23 90
23 95
24 2
24 13
24 40
24 42
24 48
24 54
24 92
25 49
25 51
25 56
25 72
25 79
26 2
26 4
26 9
26 12
26 27
26 30
26 39
26 41
26 44
26 71
26 81
26 92
27 5
27 18
27 31
27 32
27 36
27 39
27 77
27 78
27 86
27 92
27 98
28 10
28 19
28 27
28 30
28 37
28 41
28 58
28 80
28 84
29 2
29 10
29 21
29 41
29 56
29 62
29 68
29 98
30 1
30 3
30 10
30 12
30 13
30 17
30 22
30 24
30 51
30 54
30 55
30 61
30 64
30 72
31 12
31 21
31 56
31 64
31 68
31 73
31 86
31 96
31 97
32 15
32 16
32 40
32 59
33 1
33 10
33 13
33 19
33 62
33 64
33 81
33 83
33 85
33 95
33 96
33 98
34 4
34 16
34 28
34 43
34 56
34 71
35 2
35 6
35 8
35 13
35 29
35 30
35 36
35 40
35 78
35 82
35 92
35 94
36 6
36 20
36 21
36 27
36 29
36 31
36 43
36 54
36 87
36 93
36 98
37 3
37 23
37 28
37 29
37 39
37 59
37 60
38 2
38 12
38 19
38 23
38 25
38 31
38 36
38 37
38 44
38 80
38 81
38 92
39 14
39 26
39 60
39 62
39 67
39 70
39 81
39 84
39 94
40 3
40 26
40 28
40 32
40 43
40 64
40 74
40 79
40 82
40 87
41 1
41 30
41 36
41 45
41 48
41 71
41 77
42 6
42 9
42 11
42 25
42 47
42 50
42 56
42 65
42 74
42 77
42 81
42 85
43 18
43 20
43 32
43 40
43 45
43 53
43 64
43 90
43 97
44 2
44 8
44 32
44 36
44 38
44 42
44 47
44 50
44 64
44 66
44 76
44 88
44 89
45 6
45 25
45 26
45 28
45 39
45 49
45 56
45 58
45 61
45 90
45 91
45 94
46 4
46 9
46 47
46 52
46 56
46 59
47 26
47 35
47 43
47 60
47 62
47 64
47 69
47 90
48 8
48 25
48 43
48 46
48 54
48 60
48 62
48 68
48 69
48 91
49 7
49 15
49 28
49 29
49 31
49 54
49 62
49 66
49 73
49 85
49 90
49 93
50 4
50 14
50 23
50 36
50 39
50 48
50 49
50 65
50 74
50 75
50 81
50 86
50 92
51 10
51 32
51 39
51 44
51 61
51 71
52 8
52 15
52 17
52 18
52 20
52 25
52 28
52 31
52 32
52 42
52 43
52 76
52 80
52 83
53 2
53 5
53 18
53 32
53 35
53 38
53 66
53 68
53 77
53 79
53 86
54 7
54 10
54 44
54 49
54 52
54 67
54 72
54 91
54 95
55 7
55 14
55 20
55 30
55 40
55 49
55 78
55 85
55 95
55 97
56 12
56 17
56 18
56 39
56 66
56 78
57 2
57 8
57 20
57 28
57 34
57 40
57 66
57 71
57 76
57 78
58 1
58 3
58 5
58 10
58 38
58 63
58 72
59 7
59 21
59 63
59 66
59 74
59 81
59 91
59 92
60 18
60 44
60 73
60 74
60 92
61 1
61 14
61 20
61 41
61 50
61 52
61 53
61 54
61 80
61 93
61 96
62 43
62 73
62 94
62 96
63 2
63 10
63 22
63 29
63 38
63 68
63 77
63 82
64 3
64 9
64 23
64 29
64 30
64 32
64 38
64 39
64 63
64 85
64 94
64 97
64 99
65 4
65 27
65 33
65 35
65 39
65 45
65 55
65 57
65 63
65 69
65 71
66 19
66 32
66 40
66 56
66 70
66 79
66 82
66 88
66 90
66 92
67 3
67 18
67 27
67 28
67 37
67 44
67 68
67 77
67 91
67 98
68 23
68 37
68 58
68 59
68 64
68 77
68 83
69 9
69 22
69 28
69 31
69 34
69 42
69 45
69 48
69 56
69 79
69 86
69 92
69 93
69 97
70 10
70 34
70 52
70 69
70 74
70 76
70 81
70 92
70 96
70 97
71 14
71 17
71 32
71 48
71 66
71 78
71 91
72 7
72 10
72 30
72 36
72 53
72 61
72 76
72 83
72 84
72 90
72 91
72 96
72 97
73 5
73 10
73 14
73 22
73 26
73 29
73 53
73 59
73 66
73 91
74 5
74 7
74 8
74 19
74 30
74 31
74 33
74 50
74 60
74 86
74 95
75 3
75 12
75 14
75 16
75 17
75 19
75 25
75 59
75 67
75 70
75 78
75 82
75 89
75 97
76 2
76 9
76 22
76 38
76 42
76 48
76 49
76 59
76 65
76 69
76 81
76 82
76 86
77 14
77 17
77 28
77 42
77 61
77 66
77 82
77 83
78 12
78 15
78 31
78 32
78 49
78 52
78 59
78 65
78 72
78 81
78 93
79 13
79 28
79 32
79 34
79 75
79 76
79 77
79 90
80 12
80 14
80 18
80 20
80 36
80 39
80 42
80 43
80 52
80 61
80 62
80 71
80 81
80 93
81 12
81 14
81 16
81 37
81 39
81 41
81 42
81 49
81 50
81 51
81 67
81 94
82 9
82 10
82 11
82 14
82 18
82 40
82 41
82 91
82 97
82 99
83 10
83 14
83 19
83 26
83 32
83 45
83 46
83 48
83 74
83 81
83 91
84 4
84 14
84 28
84 34
84 67
84 76
84 78
85 1
85 10
85 12
85 44
85 45
85 55
85 76
85 88
85 96
86 1
86 2
86 8
86 13
86 16
86 27
86 28
86 36
86 48
86 49
86 54
86 79
86 84
86 97
87 23
87 62
87 78
87 89
88 8
88 22
88 23
88 32
88 39
88 45
88 54
88 82
88 85
88 92
88 96
88 99
89 4
89 17
89 37
89 55
89 87
89 94
89 95
90 40
90 51
90 62
90 67
90 68
90 73
90 80
90 81
90 91
91 4
91 6
91 7
91 26
91 31
91 32
91 42
91 62
91 65
91 66
91 69
92 20
92 29
92 31
92 34
92 47
92 61
92 66
92 68
92 72
92 76
92 78
92 84
92 93
92 95
92 96
93 6
93 7
93 9
93 11
93 31
93 40
93 48
93 52
93 54
93 57
93 61
93 66
94 23
94 33
94 44
94 53
94 59
94 61
94 67
94 80
94 92
95 17
95 26
95 32
95 49
95 63
95 67
95 68
95 72
95 93
96 26
96 71
96 81
96 85
96 86
96 89
96 99
97 7
97 23
97 30
97 42
97 63
97 76
98 22
98 26
98 45
98 47
98 53
98 68
98 85
98 89
98 93
98 94
99 12
99 22
99 26
99 30
99 43
99 53
99 80
99 86
99 93
99 97
