99
960
1 4
1 10
1 11
1 16
1 18
1 25
1 29
1 33
1 36
1 37
1 46
1 49
1 96
2 1
2 3
2 4
2 9
2 12
2 15
2 28
2 38
2 47
2 60
2 71
2 73
2 75
2 79
2 81
3 9
3 11
3 15
3 19
3 48
3 54
3 71
4 9
4 13
4 27
4 31
4 48
4 64
4 86
4 93
5 13
5 25
5 26
5 29
5 61
5 63
6 5
6 7
6 8
6 20
6 39
6 45
6 62
6 72
6 85
6 91
7 2
7 10
7 13
7 36
7 47
7 52
7 69
7 83
8 22
8 49
8 53
8 55
8 89
9 14
9 23
9 32
9 53
9 54
9 71
9 72
9 73
9 79
9 88
9 99
10 5
10 14
10 15
10 30
10 33
10 45
10 50
10 59
10 67
10 75
10 78
10 93
11 20
11 30
11 31
11 36
11 37
11 56
11 58
11 70
11 74
11 78
11 81
11 85
11 93
11 96
12 11
12 18
12 22
12 23
12 32
12 38
12 48
12 55
12 68
12 95
13 16
13 17
13 18
13 20
13 42
13 47
13 49
13 53
13 54
13 71
13 74
13 83
14 1
14 39
14 45
14 60
14 65
14 75
14 88
14 97
15 16
15 25
15 26
15 34
15 45
15 51
15 54
15 56
15 60
15 79
15 82
15 95
16 1
16 3
16 15
16 51
16 52
16 54
16 60
16 65
16 92
17 6
17 15
17 20
17 27
17 29
17 38
17 43
17 56
17 58
17 75
17 79
17 94
18 7
18 32
18 35
18 37
18 46
18 58
18 60
18 62
18 67
18 96
19 6
19 8
19 13
19 20
19 32
19 49
19 53
19 54
19 61
19 64
19 68
19 73
19 77
19 83
19 92
20 8
20 9
20 12
20 14
20 29
20 38
20 56
20 67
20 87
20 88
21 2
21 15
21 22
21 23
21 56
21 57
21 65
21 70
21 84
22 6
22 11
22 20
22 29
22 38
22 57
22 60
22 67
22 73
22 81
22 95
23 4
23 8
23 20
23 24
23 28
23 36
23 48
23 90
24 1
24 8
24 23
24 32
24 47
24 49
24 68
24 72
24 81
24 88
24 93
25 17
25 18
25 42
25 52
25 63
25 77
25 79
25 84
25 96
26 41
26 66
26 79
26 85
26 87
26 93
27 12
27 23
27 28
27 43
27 53
27 54
27 84
28 25
28 42
28 47
28 60
28 66
28 68
28 75
28 76
28 87
28 93
28 98
29 23
29 70
29 88
29 91
30 2
30 13
30 18
30 29
30 35
30 42
30 50
30 63
30 65
30 66
30 74
30 86
30 91
30 92
31 2
31 11
31 23
31 33
31 42
31 43
31 71
32 16
32 31
32 33
32 41
32 55
32 66
32 72
32 82
32 87
32 96
33 14
33 22
33 28
33 66
33 73
33 75
33 84
33 88
33 89
34 24
34 28
34 50
34 51
34 75
34 76
34 77
34 83
35 19
35 38
35 65
35 72
36 5
36 11
36 13
36 29
36 31
36 39
36 46
36 49
36 64
36 86
36 88
36 98
37 1
37 39
37 64
37 65
37 71
38 5
38 16
38 17
38 21
38 23
38 35
38 43
38 45
38 57
38 58
38 83
38 97
39 42
39 55
39 58
39 67
39 72
39 83
39 84
39 85
40 15
40 19
40 20
40 32
40 36
40 37
40 38
40 45
40 50
40 53
40 54
40 73
40 87
40 93
40 95
41 8
41 12
41 20
41 50
41 57
41 63
41 92
42 4
42 10
42 27
42 37
42 62
42 63
42 64
42 81
42 83
42 88
42 89
42 93
43 2
43 12
43 13
43 16
43 23
43 59
43 94
44 5
44 27
44 51
44 84
44 97
45 2
45 13
45 15
45 24
45 35
45 40
45 65
45 75
45 84
45 86
45 87
46 8
46 27
46 33
46 70
46 73
46 86
47 13
47 40
47 44
47 51
47 69
47 97
47 98
48 4
48 6
48 9
48 16
48 20
48 53
48 61
48 78
48 89
48 95
48 96
48 99
49 16
49 20
49 21
49 23
49 32
49 52
49 54
49 57
49 60
49 64
49 80
49 81
49 89
50 5
50 24
50 30
50 33
50 34
50 51
50 53
50 59
50 60
50 68
50 76
50 81
50 87
50 99
51 3
51 8
51 15
51 44
51 48
51 56
51 57
51 58
51 85
52 21
52 37
52 40
52 44
52 51
52 60
52 98
53 12
53 20
53 35
53 38
53 41
53 61
53 74
53 95
54 1
54 4
54 8
54 11
54 61
54 67
54 84
54 85
54 87
55 4
55 13
55 27
55 32
55 35
55 39
55 47
55 54
55 84
56 15
56 18
56 44
56 70
56 71
56 86
57 6
57 13
57 33
57 38
57 66
57 76
57 85
57 99
58 3
58 25
58 28
58 45
58 48
58 51
58 92
58 94
59 1
59 11
59 21
59 31
59 36
59 55
59 56
59 57
59 62
59 68
59 77
59 78
60 6
60 7
60 8
60 32
60 34
60 36
60 48
60 61
60 72
60 92
60 95
60 99
61 5
61 9
61 21
61 22
61 37
61 54
61 67
61 78
61 81
61 86
61 90
62 20
62 38
62 55
62 57
62 59
62 63
62 73
62 83
62 86
62 87
62 93
63 8
63 12
63 15
63 70
63 80
63 81
64 4
64 7
64 34
64 38
64 43
64 47
64 66
64 73
64 81
64 85
64 87
64 93
64 98
65 4
65 33
65 38
65 45
65 50
65 51
65 72
65 81
66 5
66 15
66 27
66 28
66 29
66 44
66 49
66 51
66 64
66 82
66 88
67 35
67 36
67 58
67 65
67 78
67 83
67 90
67 96
68 2
68 4
68 8
68 16
68 22
68 26
68 39
68 40
68 43
68 44
68 46
68 54
68 65
68 75
68 84
68 89
69 24
69 27
69 28
69 47
69 70
69 81
70 4
70 6
70 8
70 9
70 12
70 15
70 17
70 20
70 22
70 23
70 27
70 48
70 55
70 65
70 71
70 78
70 80
70 83
70 91
70 93
71 34
71 65
71 76
71 95
72 11
72 14
72 17
72 21
72 25
72 36
72 49
72 70
72 73
72 91
72 98
73 1
73 23
73 32
73 36
73 45
73 69
73 83
74 17
74 19
74 39
74 50
74 63
74 73
74 87
75 14
75 16
75 26
75 28
75 49
75 69
75 84
76 12
76 14
76 19
76 28
76 47
76 53
76 62
76 66
76 75
76 92
77 32
77 35
77 40
77 49
77 54
77 80
77 84
78 1
78 2
78 7
78 25
78 41
78 46
78 61
78 65
78 69
78 70
78 91
78 93
78 98
79 2
79 3
79 17
79 19
79 31
79 32
79 40
79 63
79 67
79 68
79 83
79 93
80 8
80 15
80 35
80 43
80 56
80 71
80 73
80 81
81 1
81 23
81 27
81 44
81 50
81 53
81 59
81 64
81 69
81 75
81 84
81 91
81 93
82 7
82 20
82 38
82 41
82 49
82 72
82 74
82 79
82 81
82 90
82 99
83 20
83 24
83 30
83 60
83 72
83 81
83 86
83 97
84 5
84 8
84 18
84 32
84 50
84 59
84 61
84 66
84 78
84 86
85 6
85 9
85 15
85 30
85 33
85 34
85 35
85 42
85 47
85 79
85 89
85 95
85 96
86 47
86 49
86 50
86 54
86 64
86 69
86 72
86 79
86 84
86 95
87 2
87 3
87 6
87 38
87 64
87 76
87 78
87 97
88 13
88 24
88 41
88 45
88 51
88 61
88 69
88 92
88 99
89 6
89 7
89 12
89 48
89 66
89 68
89 69
89 81
89 83
89 86
89 93
90 22
90 41
90 46
90 66
90 68
90 82
90 91
90 96
91 1
91 7
91 42
91 44
91 49
91 55
91 64
91 79
92 3
92 13
92 17
92 23
92 24
92 31
92 44
92 55
92 63
92 75
92 83
92 86
92 96
93 2
93 4
93 11
93 20
93 25
93 35
93 45
93 47
93 51
93 79
93 97
94 3
94 10
94 18
94 25
94 29
94 45
94 54
94 59
94 62
94 63
94 69
94 72
94 76
94 89
95 1
95 21
95 53
95 57
95 71
95 76
95 79
95 83
96 7
96 29
96 48
96 53
96 55
96 75
96 76
96 86
96 91
96 94
97 26
97 30
97 39
97 46
97 63
97 64
97 81
97 82
97 85
97 89
97 95
98 12
98 14
98 19
98 28
98 52
98 58
98 66
98 75
98 88
98 90
99 3
99 18
99 22
99 23
99 25
99 64
99 68
99 84
99 95
